Be7 and B8 fluxes unit: [1/(cm2 s)].

Be7-Flux	B8-Flux		Reduced Chi2
3.944E+09	4.095E+06	58.276
3.993E+09	4.095E+06	53.813
4.043E+09	4.095E+06	49.615
4.092E+09	4.095E+06	45.684
4.141E+09	4.095E+06	42.018
4.191E+09	4.095E+06	38.618
4.240E+09	4.095E+06	35.483
4.289E+09	4.095E+06	32.614
4.338E+09	4.095E+06	30.011
4.388E+09	4.095E+06	27.673
4.437E+09	4.095E+06	25.567
4.486E+09	4.095E+06	23.622
4.536E+09	4.095E+06	21.878
4.585E+09	4.095E+06	20.244
4.634E+09	4.095E+06	18.746
4.684E+09	4.095E+06	17.340
4.733E+09	4.095E+06	16.106
4.782E+09	4.095E+06	15.073
4.831E+09	4.095E+06	14.164
4.881E+09	4.095E+06	13.334
4.930E+09	4.095E+06	12.664
4.979E+09	4.095E+06	12.121
5.029E+09	4.095E+06	11.705
5.078E+09	4.095E+06	11.499
5.127E+09	4.095E+06	11.529
5.176E+09	4.095E+06	11.793
5.226E+09	4.095E+06	12.293
5.275E+09	4.095E+06	13.029
5.324E+09	4.095E+06	14.000
5.374E+09	4.095E+06	15.206
5.423E+09	4.095E+06	16.647
5.472E+09	4.095E+06	18.324
5.522E+09	4.095E+06	20.236
5.571E+09	4.095E+06	22.384
5.620E+09	4.095E+06	24.766
5.670E+09	4.095E+06	27.385
5.719E+09	4.095E+06	30.238
5.768E+09	4.095E+06	33.327
5.817E+09	4.095E+06	36.651
5.867E+09	4.095E+06	40.211
5.916E+09	4.095E+06	44.005
5.965E+09	4.095E+06	48.036
6.015E+09	4.095E+06	52.301
6.064E+09	4.095E+06	56.802
6.113E+09	4.095E+06	61.538
3.944E+09	4.150E+06	57.289
3.993E+09	4.150E+06	52.827
4.043E+09	4.150E+06	48.629
4.092E+09	4.150E+06	44.698
4.141E+09	4.150E+06	41.032
4.191E+09	4.150E+06	37.631
4.240E+09	4.150E+06	34.497
4.289E+09	4.150E+06	31.628
4.338E+09	4.150E+06	29.024
4.388E+09	4.150E+06	26.687
4.437E+09	4.150E+06	24.588
4.486E+09	4.150E+06	22.651
4.536E+09	4.150E+06	20.911
4.585E+09	4.150E+06	19.287
4.634E+09	4.150E+06	17.802
4.684E+09	4.150E+06	16.410
4.733E+09	4.150E+06	15.176
4.782E+09	4.150E+06	14.156
4.831E+09	4.150E+06	13.256
4.881E+09	4.150E+06	12.440
4.930E+09	4.150E+06	11.781
4.979E+09	4.150E+06	11.263
5.029E+09	4.150E+06	10.853
5.078E+09	4.150E+06	10.647
5.127E+09	4.150E+06	10.677
5.176E+09	4.150E+06	10.941
5.226E+09	4.150E+06	11.441
5.275E+09	4.150E+06	12.177
5.324E+09	4.150E+06	13.148
5.374E+09	4.150E+06	14.354
5.423E+09	4.150E+06	15.795
5.472E+09	4.150E+06	17.472
5.522E+09	4.150E+06	19.384
5.571E+09	4.150E+06	21.532
5.620E+09	4.150E+06	23.914
5.670E+09	4.150E+06	26.532
5.719E+09	4.150E+06	29.386
5.768E+09	4.150E+06	32.475
5.817E+09	4.150E+06	35.799
5.867E+09	4.150E+06	39.359
5.916E+09	4.150E+06	43.153
5.965E+09	4.150E+06	47.184
6.015E+09	4.150E+06	51.449
6.064E+09	4.150E+06	55.950
6.113E+09	4.150E+06	60.686
3.944E+09	4.204E+06	56.334
3.993E+09	4.204E+06	51.871
4.043E+09	4.204E+06	47.674
4.092E+09	4.204E+06	43.742
4.141E+09	4.204E+06	40.076
4.191E+09	4.204E+06	36.676
4.240E+09	4.204E+06	33.541
4.289E+09	4.204E+06	30.672
4.338E+09	4.204E+06	28.069
4.388E+09	4.204E+06	25.731
4.437E+09	4.204E+06	23.640
4.486E+09	4.204E+06	21.710
4.536E+09	4.204E+06	19.975
4.585E+09	4.204E+06	18.359
4.634E+09	4.204E+06	16.886
4.684E+09	4.204E+06	15.514
4.733E+09	4.204E+06	14.279
4.782E+09	4.204E+06	13.264
4.831E+09	4.204E+06	12.377
4.881E+09	4.204E+06	11.580
4.930E+09	4.204E+06	10.932
4.979E+09	4.204E+06	10.429
5.029E+09	4.204E+06	10.037
5.078E+09	4.204E+06	9.831
5.127E+09	4.204E+06	9.861
5.176E+09	4.204E+06	10.125
5.226E+09	4.204E+06	10.625
5.275E+09	4.204E+06	11.361
5.324E+09	4.204E+06	12.332
5.374E+09	4.204E+06	13.538
5.423E+09	4.204E+06	14.979
5.472E+09	4.204E+06	16.656
5.522E+09	4.204E+06	18.568
5.571E+09	4.204E+06	20.715
5.620E+09	4.204E+06	23.098
5.670E+09	4.204E+06	25.716
5.719E+09	4.204E+06	28.570
5.768E+09	4.204E+06	31.659
5.817E+09	4.204E+06	34.983
5.867E+09	4.204E+06	38.542
5.916E+09	4.204E+06	42.337
5.965E+09	4.204E+06	46.368
6.015E+09	4.204E+06	50.633
6.064E+09	4.204E+06	55.134
6.113E+09	4.204E+06	59.870
3.944E+09	4.259E+06	55.408
3.993E+09	4.259E+06	50.945
4.043E+09	4.259E+06	46.748
4.092E+09	4.259E+06	42.817
4.141E+09	4.259E+06	39.151
4.191E+09	4.259E+06	35.750
4.240E+09	4.259E+06	32.616
4.289E+09	4.259E+06	29.747
4.338E+09	4.259E+06	27.143
4.388E+09	4.259E+06	24.806
4.437E+09	4.259E+06	22.723
4.486E+09	4.259E+06	20.801
4.536E+09	4.259E+06	19.063
4.585E+09	4.259E+06	17.462
4.634E+09	4.259E+06	16.002
4.684E+09	4.259E+06	14.650
4.733E+09	4.259E+06	13.416
4.782E+09	4.259E+06	12.404
4.831E+09	4.259E+06	11.531
4.881E+09	4.259E+06	10.755
4.930E+09	4.259E+06	10.118
4.979E+09	4.259E+06	9.625
5.029E+09	4.259E+06	9.252
5.078E+09	4.259E+06	9.051
5.127E+09	4.259E+06	9.080
5.176E+09	4.259E+06	9.345
5.226E+09	4.259E+06	9.845
5.275E+09	4.259E+06	10.581
5.324E+09	4.259E+06	11.551
5.374E+09	4.259E+06	12.758
5.423E+09	4.259E+06	14.199
5.472E+09	4.259E+06	15.876
5.522E+09	4.259E+06	17.788
5.571E+09	4.259E+06	19.935
5.620E+09	4.259E+06	22.318
5.670E+09	4.259E+06	24.936
5.719E+09	4.259E+06	27.790
5.768E+09	4.259E+06	30.879
5.817E+09	4.259E+06	34.203
5.867E+09	4.259E+06	37.762
5.916E+09	4.259E+06	41.557
5.965E+09	4.259E+06	45.588
6.015E+09	4.259E+06	49.853
6.064E+09	4.259E+06	54.354
6.113E+09	4.259E+06	59.090
3.944E+09	4.313E+06	54.513
3.993E+09	4.313E+06	50.050
4.043E+09	4.313E+06	45.853
4.092E+09	4.313E+06	41.922
4.141E+09	4.313E+06	38.256
4.191E+09	4.313E+06	34.855
4.240E+09	4.313E+06	31.721
4.289E+09	4.313E+06	28.852
4.338E+09	4.313E+06	26.248
4.388E+09	4.313E+06	23.911
4.437E+09	4.313E+06	21.837
4.486E+09	4.313E+06	19.922
4.536E+09	4.313E+06	18.182
4.585E+09	4.313E+06	16.597
4.634E+09	4.313E+06	15.146
4.684E+09	4.313E+06	13.816
4.733E+09	4.313E+06	12.585
4.782E+09	4.313E+06	11.578
4.831E+09	4.313E+06	10.719
4.881E+09	4.313E+06	9.964
4.930E+09	4.313E+06	9.338
4.979E+09	4.313E+06	8.857
5.029E+09	4.313E+06	8.502
5.078E+09	4.313E+06	8.307
5.127E+09	4.313E+06	8.336
5.176E+09	4.313E+06	8.601
5.226E+09	4.313E+06	9.101
5.275E+09	4.313E+06	9.837
5.324E+09	4.313E+06	10.807
5.374E+09	4.313E+06	12.014
5.423E+09	4.313E+06	13.455
5.472E+09	4.313E+06	15.132
5.522E+09	4.313E+06	17.044
5.571E+09	4.313E+06	19.191
5.620E+09	4.313E+06	21.574
5.670E+09	4.313E+06	24.192
5.719E+09	4.313E+06	27.046
5.768E+09	4.313E+06	30.135
5.817E+09	4.313E+06	33.459
5.867E+09	4.313E+06	37.018
5.916E+09	4.313E+06	40.813
5.965E+09	4.313E+06	44.843
6.015E+09	4.313E+06	49.109
6.064E+09	4.313E+06	53.610
6.113E+09	4.313E+06	58.346
3.944E+09	4.368E+06	53.649
3.993E+09	4.368E+06	49.186
4.043E+09	4.368E+06	44.989
4.092E+09	4.368E+06	41.057
4.141E+09	4.368E+06	37.391
4.191E+09	4.368E+06	33.991
4.240E+09	4.368E+06	30.856
4.289E+09	4.368E+06	27.987
4.338E+09	4.368E+06	25.384
4.388E+09	4.368E+06	23.046
4.437E+09	4.368E+06	20.974
4.486E+09	4.368E+06	19.072
4.536E+09	4.368E+06	17.331
4.585E+09	4.368E+06	15.760
4.634E+09	4.368E+06	14.317
4.684E+09	4.368E+06	13.001
4.733E+09	4.368E+06	11.786
4.782E+09	4.368E+06	10.785
4.831E+09	4.368E+06	9.940
4.881E+09	4.368E+06	9.207
4.930E+09	4.368E+06	8.593
4.979E+09	4.368E+06	8.124
5.029E+09	4.368E+06	7.787
5.078E+09	4.368E+06	7.599
5.127E+09	4.368E+06	7.628
5.176E+09	4.368E+06	7.893
5.226E+09	4.368E+06	8.393
5.275E+09	4.368E+06	9.129
5.324E+09	4.368E+06	10.099
5.374E+09	4.368E+06	11.306
5.423E+09	4.368E+06	12.747
5.472E+09	4.368E+06	14.424
5.522E+09	4.368E+06	16.336
5.571E+09	4.368E+06	18.483
5.620E+09	4.368E+06	20.866
5.670E+09	4.368E+06	23.484
5.719E+09	4.368E+06	26.338
5.768E+09	4.368E+06	29.427
5.817E+09	4.368E+06	32.751
5.867E+09	4.368E+06	36.310
5.916E+09	4.368E+06	40.105
5.965E+09	4.368E+06	44.135
6.015E+09	4.368E+06	48.401
6.064E+09	4.368E+06	52.902
6.113E+09	4.368E+06	57.638
3.944E+09	4.423E+06	52.815
3.993E+09	4.423E+06	48.352
4.043E+09	4.423E+06	44.154
4.092E+09	4.423E+06	40.223
4.141E+09	4.423E+06	36.557
4.191E+09	4.423E+06	33.157
4.240E+09	4.423E+06	30.022
4.289E+09	4.423E+06	27.153
4.338E+09	4.423E+06	24.549
4.388E+09	4.423E+06	22.212
4.437E+09	4.423E+06	20.140
4.486E+09	4.423E+06	18.244
4.536E+09	4.423E+06	16.512
4.585E+09	4.423E+06	14.953
4.634E+09	4.423E+06	13.520
4.684E+09	4.423E+06	12.219
4.733E+09	4.423E+06	11.021
4.782E+09	4.423E+06	10.025
4.831E+09	4.423E+06	9.195
4.881E+09	4.423E+06	8.485
4.930E+09	4.423E+06	7.883
4.979E+09	4.423E+06	7.426
5.029E+09	4.423E+06	7.109
5.078E+09	4.423E+06	6.927
5.127E+09	4.423E+06	6.956
5.176E+09	4.423E+06	7.221
5.226E+09	4.423E+06	7.721
5.275E+09	4.423E+06	8.457
5.324E+09	4.423E+06	9.427
5.374E+09	4.423E+06	10.634
5.423E+09	4.423E+06	12.075
5.472E+09	4.423E+06	13.752
5.522E+09	4.423E+06	15.664
5.571E+09	4.423E+06	17.811
5.620E+09	4.423E+06	20.194
5.670E+09	4.423E+06	22.812
5.719E+09	4.423E+06	25.666
5.768E+09	4.423E+06	28.755
5.817E+09	4.423E+06	32.079
5.867E+09	4.423E+06	35.638
5.916E+09	4.423E+06	39.433
5.965E+09	4.423E+06	43.463
6.015E+09	4.423E+06	47.729
6.064E+09	4.423E+06	52.230
6.113E+09	4.423E+06	56.966
3.944E+09	4.477E+06	52.011
3.993E+09	4.477E+06	47.548
4.043E+09	4.477E+06	43.351
4.092E+09	4.477E+06	39.419
4.141E+09	4.477E+06	35.753
4.191E+09	4.477E+06	32.353
4.240E+09	4.477E+06	29.218
4.289E+09	4.477E+06	26.349
4.338E+09	4.477E+06	23.746
4.388E+09	4.477E+06	21.408
4.437E+09	4.477E+06	19.336
4.486E+09	4.477E+06	17.446
4.536E+09	4.477E+06	15.723
4.585E+09	4.477E+06	14.179
4.634E+09	4.477E+06	12.755
4.684E+09	4.477E+06	11.469
4.733E+09	4.477E+06	10.289
4.782E+09	4.477E+06	9.298
4.831E+09	4.477E+06	8.480
4.881E+09	4.477E+06	7.788
4.930E+09	4.477E+06	7.196
4.979E+09	4.477E+06	6.759
5.029E+09	4.477E+06	6.466
5.078E+09	4.477E+06	6.291
5.127E+09	4.477E+06	6.320
5.176E+09	4.477E+06	6.585
5.226E+09	4.477E+06	7.085
5.275E+09	4.477E+06	7.821
5.324E+09	4.477E+06	8.791
5.374E+09	4.477E+06	9.998
5.423E+09	4.477E+06	11.439
5.472E+09	4.477E+06	13.116
5.522E+09	4.477E+06	15.028
5.571E+09	4.477E+06	17.175
5.620E+09	4.477E+06	19.558
5.670E+09	4.477E+06	22.176
5.719E+09	4.477E+06	25.030
5.768E+09	4.477E+06	28.119
5.817E+09	4.477E+06	31.443
5.867E+09	4.477E+06	35.002
5.916E+09	4.477E+06	38.797
5.965E+09	4.477E+06	42.828
6.015E+09	4.477E+06	47.093
6.064E+09	4.477E+06	51.594
6.113E+09	4.477E+06	56.330
3.944E+09	4.532E+06	51.237
3.993E+09	4.532E+06	46.774
4.043E+09	4.532E+06	42.577
4.092E+09	4.532E+06	38.646
4.141E+09	4.532E+06	34.980
4.191E+09	4.532E+06	31.579
4.240E+09	4.532E+06	28.445
4.289E+09	4.532E+06	25.576
4.338E+09	4.532E+06	22.972
4.388E+09	4.532E+06	20.635
4.437E+09	4.532E+06	18.562
4.486E+09	4.532E+06	16.679
4.536E+09	4.532E+06	14.965
4.585E+09	4.532E+06	13.434
4.634E+09	4.532E+06	12.021
4.684E+09	4.532E+06	10.752
4.733E+09	4.532E+06	9.590
4.782E+09	4.532E+06	8.604
4.831E+09	4.532E+06	7.797
4.881E+09	4.532E+06	7.121
4.930E+09	4.532E+06	6.542
4.979E+09	4.532E+06	6.123
5.029E+09	4.532E+06	5.847
5.078E+09	4.532E+06	5.691
5.127E+09	4.532E+06	5.720
5.176E+09	4.532E+06	5.985
5.226E+09	4.532E+06	6.485
5.275E+09	4.532E+06	7.221
5.324E+09	4.532E+06	8.191
5.374E+09	4.532E+06	9.398
5.423E+09	4.532E+06	10.839
5.472E+09	4.532E+06	12.516
5.522E+09	4.532E+06	14.428
5.571E+09	4.532E+06	16.575
5.620E+09	4.532E+06	18.958
5.670E+09	4.532E+06	21.576
5.719E+09	4.532E+06	24.430
5.768E+09	4.532E+06	27.519
5.817E+09	4.532E+06	30.843
5.867E+09	4.532E+06	34.402
5.916E+09	4.532E+06	38.197
5.965E+09	4.532E+06	42.228
6.015E+09	4.532E+06	46.493
6.064E+09	4.532E+06	50.994
6.113E+09	4.532E+06	55.730
3.944E+09	4.586E+06	50.494
3.993E+09	4.586E+06	46.031
4.043E+09	4.586E+06	41.834
4.092E+09	4.586E+06	37.903
4.141E+09	4.586E+06	34.237
4.191E+09	4.586E+06	30.836
4.240E+09	4.586E+06	27.702
4.289E+09	4.586E+06	24.833
4.338E+09	4.586E+06	22.229
4.388E+09	4.586E+06	19.891
4.437E+09	4.586E+06	17.817
4.486E+09	4.586E+06	15.943
4.536E+09	4.586E+06	14.238
4.585E+09	4.586E+06	12.717
4.634E+09	4.586E+06	11.320
4.684E+09	4.586E+06	10.066
4.733E+09	4.586E+06	8.923
4.782E+09	4.586E+06	7.938
4.831E+09	4.586E+06	7.147
4.881E+09	4.586E+06	6.489
4.930E+09	4.586E+06	5.923
4.979E+09	4.586E+06	5.517
5.029E+09	4.586E+06	5.257
5.078E+09	4.586E+06	5.121
5.127E+09	4.586E+06	5.157
5.176E+09	4.586E+06	5.421
5.226E+09	4.586E+06	5.921
5.275E+09	4.586E+06	6.657
5.324E+09	4.586E+06	7.628
5.374E+09	4.586E+06	8.834
5.423E+09	4.586E+06	10.275
5.472E+09	4.586E+06	11.952
5.522E+09	4.586E+06	13.864
5.571E+09	4.586E+06	16.011
5.620E+09	4.586E+06	18.394
5.670E+09	4.586E+06	21.012
5.719E+09	4.586E+06	23.866
5.768E+09	4.586E+06	26.955
5.817E+09	4.586E+06	30.279
5.867E+09	4.586E+06	33.839
5.916E+09	4.586E+06	37.633
5.965E+09	4.586E+06	41.664
6.015E+09	4.586E+06	45.929
6.064E+09	4.586E+06	50.430
6.113E+09	4.586E+06	55.166
3.944E+09	4.641E+06	49.782
3.993E+09	4.641E+06	45.319
4.043E+09	4.641E+06	41.122
4.092E+09	4.641E+06	37.190
4.141E+09	4.641E+06	33.524
4.191E+09	4.641E+06	30.124
4.240E+09	4.641E+06	26.989
4.289E+09	4.641E+06	24.120
4.338E+09	4.641E+06	21.517
4.388E+09	4.641E+06	19.179
4.437E+09	4.641E+06	17.101
4.486E+09	4.641E+06	15.237
4.536E+09	4.641E+06	13.542
4.585E+09	4.641E+06	12.031
4.634E+09	4.641E+06	10.650
4.684E+09	4.641E+06	9.411
4.733E+09	4.641E+06	8.289
4.782E+09	4.641E+06	7.305
4.831E+09	4.641E+06	6.530
4.881E+09	4.641E+06	5.879
4.930E+09	4.641E+06	5.338
4.979E+09	4.641E+06	4.946
5.029E+09	4.641E+06	4.699
5.078E+09	4.641E+06	4.585
5.127E+09	4.641E+06	4.629
5.176E+09	4.641E+06	4.893
5.226E+09	4.641E+06	5.393
5.275E+09	4.641E+06	6.129
5.324E+09	4.641E+06	7.100
5.374E+09	4.641E+06	8.306
5.423E+09	4.641E+06	9.747
5.472E+09	4.641E+06	11.424
5.522E+09	4.641E+06	13.336
5.571E+09	4.641E+06	15.484
5.620E+09	4.641E+06	17.866
5.670E+09	4.641E+06	20.485
5.719E+09	4.641E+06	23.338
5.768E+09	4.641E+06	26.427
5.817E+09	4.641E+06	29.751
5.867E+09	4.641E+06	33.311
5.916E+09	4.641E+06	37.105
5.965E+09	4.641E+06	41.136
6.015E+09	4.641E+06	45.401
6.064E+09	4.641E+06	49.902
6.113E+09	4.641E+06	54.638
3.944E+09	4.696E+06	49.099
3.993E+09	4.696E+06	44.636
4.043E+09	4.696E+06	40.439
4.092E+09	4.696E+06	36.508
4.141E+09	4.696E+06	32.842
4.191E+09	4.696E+06	29.441
4.240E+09	4.696E+06	26.307
4.289E+09	4.696E+06	23.438
4.338E+09	4.696E+06	20.834
4.388E+09	4.696E+06	18.495
4.437E+09	4.696E+06	16.414
4.486E+09	4.696E+06	14.561
4.536E+09	4.696E+06	12.877
4.585E+09	4.696E+06	11.377
4.634E+09	4.696E+06	10.008
4.684E+09	4.696E+06	8.784
4.733E+09	4.696E+06	7.689
4.782E+09	4.696E+06	6.704
4.831E+09	4.696E+06	5.937
4.881E+09	4.696E+06	5.301
4.930E+09	4.696E+06	4.788
4.979E+09	4.696E+06	4.410
5.029E+09	4.696E+06	4.177
5.078E+09	4.696E+06	4.086
5.127E+09	4.696E+06	4.137
5.176E+09	4.696E+06	4.401
5.226E+09	4.696E+06	4.902
5.275E+09	4.696E+06	5.637
5.324E+09	4.696E+06	6.608
5.374E+09	4.696E+06	7.814
5.423E+09	4.696E+06	9.255
5.472E+09	4.696E+06	10.932
5.522E+09	4.696E+06	12.844
5.571E+09	4.696E+06	14.992
5.620E+09	4.696E+06	17.374
5.670E+09	4.696E+06	19.993
5.719E+09	4.696E+06	22.846
5.768E+09	4.696E+06	25.935
5.817E+09	4.696E+06	29.259
5.867E+09	4.696E+06	32.819
5.916E+09	4.696E+06	36.614
5.965E+09	4.696E+06	40.644
6.015E+09	4.696E+06	44.909
6.064E+09	4.696E+06	49.410
6.113E+09	4.696E+06	54.146
3.944E+09	4.750E+06	48.448
3.993E+09	4.750E+06	43.985
4.043E+09	4.750E+06	39.787
4.092E+09	4.750E+06	35.856
4.141E+09	4.750E+06	32.190
4.191E+09	4.750E+06	28.789
4.240E+09	4.750E+06	25.655
4.289E+09	4.750E+06	22.786
4.338E+09	4.750E+06	20.182
4.388E+09	4.750E+06	17.838
4.437E+09	4.750E+06	15.758
4.486E+09	4.750E+06	13.917
4.536E+09	4.750E+06	12.243
4.585E+09	4.750E+06	10.753
4.634E+09	4.750E+06	9.396
4.684E+09	4.750E+06	8.189
4.733E+09	4.750E+06	7.107
4.782E+09	4.750E+06	6.136
4.831E+09	4.750E+06	5.376
4.881E+09	4.750E+06	4.758
4.930E+09	4.750E+06	4.272
4.979E+09	4.750E+06	3.908
5.029E+09	4.750E+06	3.690
5.078E+09	4.750E+06	3.622
5.127E+09	4.750E+06	3.681
5.176E+09	4.750E+06	3.946
5.226E+09	4.750E+06	4.446
5.275E+09	4.750E+06	5.181
5.324E+09	4.750E+06	6.152
5.374E+09	4.750E+06	7.358
5.423E+09	4.750E+06	8.799
5.472E+09	4.750E+06	10.476
5.522E+09	4.750E+06	12.388
5.571E+09	4.750E+06	14.536
5.620E+09	4.750E+06	16.919
5.670E+09	4.750E+06	19.537
5.719E+09	4.750E+06	22.390
5.768E+09	4.750E+06	25.479
5.817E+09	4.750E+06	28.803
5.867E+09	4.750E+06	32.363
5.916E+09	4.750E+06	36.158
5.965E+09	4.750E+06	40.188
6.015E+09	4.750E+06	44.453
6.064E+09	4.750E+06	48.954
6.113E+09	4.750E+06	53.691
3.944E+09	4.805E+06	47.826
3.993E+09	4.805E+06	43.363
4.043E+09	4.805E+06	39.166
4.092E+09	4.805E+06	35.234
4.141E+09	4.805E+06	31.568
4.191E+09	4.805E+06	28.168
4.240E+09	4.805E+06	25.033
4.289E+09	4.805E+06	22.164
4.338E+09	4.805E+06	19.558
4.388E+09	4.805E+06	17.213
4.437E+09	4.805E+06	15.132
4.486E+09	4.805E+06	13.302
4.536E+09	4.805E+06	11.640
4.585E+09	4.805E+06	10.157
4.634E+09	4.805E+06	8.815
4.684E+09	4.805E+06	7.620
4.733E+09	4.805E+06	6.551
4.782E+09	4.805E+06	5.601
4.831E+09	4.805E+06	4.847
4.881E+09	4.805E+06	4.248
4.930E+09	4.805E+06	3.782
4.979E+09	4.805E+06	3.431
5.029E+09	4.805E+06	3.231
5.078E+09	4.805E+06	3.182
5.127E+09	4.805E+06	3.261
5.176E+09	4.805E+06	3.526
5.226E+09	4.805E+06	4.026
5.275E+09	4.805E+06	4.761
5.324E+09	4.805E+06	5.732
5.374E+09	4.805E+06	6.938
5.423E+09	4.805E+06	8.380
5.472E+09	4.805E+06	10.056
5.522E+09	4.805E+06	11.968
5.571E+09	4.805E+06	14.116
5.620E+09	4.805E+06	16.499
5.670E+09	4.805E+06	19.117
5.719E+09	4.805E+06	21.970
5.768E+09	4.805E+06	25.059
5.817E+09	4.805E+06	28.383
5.867E+09	4.805E+06	31.943
5.916E+09	4.805E+06	35.738
5.965E+09	4.805E+06	39.768
6.015E+09	4.805E+06	44.034
6.064E+09	4.805E+06	48.534
6.113E+09	4.805E+06	53.271
3.944E+09	4.859E+06	47.235
3.993E+09	4.859E+06	42.772
4.043E+09	4.859E+06	38.575
4.092E+09	4.859E+06	34.643
4.141E+09	4.859E+06	30.977
4.191E+09	4.859E+06	27.577
4.240E+09	4.859E+06	24.442
4.289E+09	4.859E+06	21.573
4.338E+09	4.859E+06	18.963
4.388E+09	4.859E+06	16.617
4.437E+09	4.859E+06	14.536
4.486E+09	4.859E+06	12.719
4.536E+09	4.859E+06	11.068
4.585E+09	4.859E+06	9.585
4.634E+09	4.859E+06	8.262
4.684E+09	4.859E+06	7.077
4.733E+09	4.859E+06	6.027
4.782E+09	4.859E+06	5.099
4.831E+09	4.859E+06	4.352
4.881E+09	4.859E+06	3.770
4.930E+09	4.859E+06	3.319
4.979E+09	4.859E+06	2.983
5.029E+09	4.859E+06	2.805
5.078E+09	4.859E+06	2.773
5.127E+09	4.859E+06	2.871
5.176E+09	4.859E+06	3.142
5.226E+09	4.859E+06	3.642
5.275E+09	4.859E+06	4.377
5.324E+09	4.859E+06	5.348
5.374E+09	4.859E+06	6.554
5.423E+09	4.859E+06	7.996
5.472E+09	4.859E+06	9.672
5.522E+09	4.859E+06	11.585
5.571E+09	4.859E+06	13.732
5.620E+09	4.859E+06	16.115
5.670E+09	4.859E+06	18.733
5.719E+09	4.859E+06	21.587
5.768E+09	4.859E+06	24.675
5.817E+09	4.859E+06	28.000
5.867E+09	4.859E+06	31.559
5.916E+09	4.859E+06	35.354
5.965E+09	4.859E+06	39.384
6.015E+09	4.859E+06	43.650
6.064E+09	4.859E+06	48.151
6.113E+09	4.859E+06	52.887
3.944E+09	4.914E+06	46.674
3.993E+09	4.914E+06	42.211
4.043E+09	4.914E+06	38.014
4.092E+09	4.914E+06	34.083
4.141E+09	4.914E+06	30.417
4.191E+09	4.914E+06	27.016
4.240E+09	4.914E+06	23.882
4.289E+09	4.914E+06	21.009
4.338E+09	4.914E+06	18.397
4.388E+09	4.914E+06	16.051
4.437E+09	4.914E+06	13.971
4.486E+09	4.914E+06	12.156
4.536E+09	4.914E+06	10.517
4.585E+09	4.914E+06	9.044
4.634E+09	4.914E+06	7.739
4.684E+09	4.914E+06	6.566
4.733E+09	4.914E+06	5.535
4.782E+09	4.914E+06	4.630
4.831E+09	4.914E+06	3.889
4.881E+09	4.914E+06	3.320
4.930E+09	4.914E+06	2.890
4.979E+09	4.914E+06	2.570
5.029E+09	4.914E+06	2.408
5.078E+09	4.914E+06	2.392
5.127E+09	4.914E+06	2.514
5.176E+09	4.914E+06	2.794
5.226E+09	4.914E+06	3.294
5.275E+09	4.914E+06	4.030
5.324E+09	4.914E+06	5.000
5.374E+09	4.914E+06	6.206
5.423E+09	4.914E+06	7.648
5.472E+09	4.914E+06	9.325
5.522E+09	4.914E+06	11.237
5.571E+09	4.914E+06	13.384
5.620E+09	4.914E+06	15.767
5.670E+09	4.914E+06	18.385
5.719E+09	4.914E+06	21.239
5.768E+09	4.914E+06	24.328
5.817E+09	4.914E+06	27.652
5.867E+09	4.914E+06	31.211
5.916E+09	4.914E+06	35.006
5.965E+09	4.914E+06	39.036
6.015E+09	4.914E+06	43.302
6.064E+09	4.914E+06	47.803
6.113E+09	4.914E+06	52.539
3.944E+09	4.969E+06	46.144
3.993E+09	4.969E+06	41.681
4.043E+09	4.969E+06	37.484
4.092E+09	4.969E+06	33.552
4.141E+09	4.969E+06	29.886
4.191E+09	4.969E+06	26.486
4.240E+09	4.969E+06	23.350
4.289E+09	4.969E+06	20.474
4.338E+09	4.969E+06	17.862
4.388E+09	4.969E+06	15.516
4.437E+09	4.969E+06	13.436
4.486E+09	4.969E+06	11.621
4.536E+09	4.969E+06	9.995
4.585E+09	4.969E+06	8.533
4.634E+09	4.969E+06	7.246
4.684E+09	4.969E+06	6.087
4.733E+09	4.969E+06	5.076
4.782E+09	4.969E+06	4.194
4.831E+09	4.969E+06	3.458
4.881E+09	4.969E+06	2.904
4.930E+09	4.969E+06	2.491
4.979E+09	4.969E+06	2.192
5.029E+09	4.969E+06	2.046
5.078E+09	4.969E+06	2.046
5.127E+09	4.969E+06	2.194
5.176E+09	4.969E+06	2.482
5.226E+09	4.969E+06	2.982
5.275E+09	4.969E+06	3.718
5.324E+09	4.969E+06	4.688
5.374E+09	4.969E+06	5.895
5.423E+09	4.969E+06	7.336
5.472E+09	4.969E+06	9.013
5.522E+09	4.969E+06	10.925
5.571E+09	4.969E+06	13.072
5.620E+09	4.969E+06	15.455
5.670E+09	4.969E+06	18.073
5.719E+09	4.969E+06	20.927
5.768E+09	4.969E+06	24.016
5.817E+09	4.969E+06	27.340
5.867E+09	4.969E+06	30.899
5.916E+09	4.969E+06	34.694
5.965E+09	4.969E+06	38.725
6.015E+09	4.969E+06	42.990
6.064E+09	4.969E+06	47.491
6.113E+09	4.969E+06	52.227
3.944E+09	5.023E+06	45.644
3.993E+09	5.023E+06	41.181
4.043E+09	5.023E+06	36.984
4.092E+09	5.023E+06	33.052
4.141E+09	5.023E+06	29.386
4.191E+09	5.023E+06	25.986
4.240E+09	5.023E+06	22.845
4.289E+09	5.023E+06	19.969
4.338E+09	5.023E+06	17.357
4.388E+09	5.023E+06	15.011
4.437E+09	5.023E+06	12.931
4.486E+09	5.023E+06	11.116
4.536E+09	5.023E+06	9.503
4.585E+09	5.023E+06	8.054
4.634E+09	5.023E+06	6.782
4.684E+09	5.023E+06	5.639
4.733E+09	5.023E+06	4.646
4.782E+09	5.023E+06	3.790
4.831E+09	5.023E+06	3.054
4.881E+09	5.023E+06	2.522
4.930E+09	5.023E+06	2.117
4.979E+09	5.023E+06	1.848
5.029E+09	5.023E+06	1.718
5.078E+09	5.023E+06	1.735
5.127E+09	5.023E+06	1.906
5.176E+09	5.023E+06	2.206
5.226E+09	5.023E+06	2.707
5.275E+09	5.023E+06	3.442
5.324E+09	5.023E+06	4.413
5.374E+09	5.023E+06	5.619
5.423E+09	5.023E+06	7.060
5.472E+09	5.023E+06	8.737
5.522E+09	5.023E+06	10.649
5.571E+09	5.023E+06	12.797
5.620E+09	5.023E+06	15.179
5.670E+09	5.023E+06	17.798
5.719E+09	5.023E+06	20.651
5.768E+09	5.023E+06	23.740
5.817E+09	5.023E+06	27.064
5.867E+09	5.023E+06	30.624
5.916E+09	5.023E+06	34.419
5.965E+09	5.023E+06	38.449
6.015E+09	5.023E+06	42.714
6.064E+09	5.023E+06	47.215
6.113E+09	5.023E+06	51.951
3.944E+09	5.078E+06	45.175
3.993E+09	5.078E+06	40.712
4.043E+09	5.078E+06	36.514
4.092E+09	5.078E+06	32.583
4.141E+09	5.078E+06	28.917
4.191E+09	5.078E+06	25.513
4.240E+09	5.078E+06	22.371
4.289E+09	5.078E+06	19.494
4.338E+09	5.078E+06	16.883
4.388E+09	5.078E+06	14.537
4.437E+09	5.078E+06	12.456
4.486E+09	5.078E+06	10.641
4.536E+09	5.078E+06	9.042
4.585E+09	5.078E+06	7.606
4.634E+09	5.078E+06	6.346
4.684E+09	5.078E+06	5.223
4.733E+09	5.078E+06	4.244
4.782E+09	5.078E+06	3.405
4.831E+09	5.078E+06	2.684
4.881E+09	5.078E+06	2.165
4.930E+09	5.078E+06	1.775
4.979E+09	5.078E+06	1.535
5.029E+09	5.078E+06	1.417
5.078E+09	5.078E+06	1.451
5.127E+09	5.078E+06	1.639
5.176E+09	5.078E+06	1.965
5.226E+09	5.078E+06	2.467
5.275E+09	5.078E+06	3.202
5.324E+09	5.078E+06	4.173
5.374E+09	5.078E+06	5.379
5.423E+09	5.078E+06	6.820
5.472E+09	5.078E+06	8.497
5.522E+09	5.078E+06	10.409
5.571E+09	5.078E+06	12.557
5.620E+09	5.078E+06	14.940
5.670E+09	5.078E+06	17.558
5.719E+09	5.078E+06	20.411
5.768E+09	5.078E+06	23.500
5.817E+09	5.078E+06	26.824
5.867E+09	5.078E+06	30.384
5.916E+09	5.078E+06	34.179
5.965E+09	5.078E+06	38.209
6.015E+09	5.078E+06	42.475
6.064E+09	5.078E+06	46.975
6.113E+09	5.078E+06	51.712
3.944E+09	5.132E+06	44.735
3.993E+09	5.132E+06	40.273
4.043E+09	5.132E+06	36.075
4.092E+09	5.132E+06	32.144
4.141E+09	5.132E+06	28.476
4.191E+09	5.132E+06	25.069
4.240E+09	5.132E+06	21.926
4.289E+09	5.132E+06	19.050
4.338E+09	5.132E+06	16.438
4.388E+09	5.132E+06	14.092
4.437E+09	5.132E+06	12.012
4.486E+09	5.132E+06	10.197
4.536E+09	5.132E+06	8.611
4.585E+09	5.132E+06	7.188
4.634E+09	5.132E+06	5.942
4.684E+09	5.132E+06	4.832
4.733E+09	5.132E+06	3.874
4.782E+09	5.132E+06	3.047
4.831E+09	5.132E+06	2.346
4.881E+09	5.132E+06	1.835
4.930E+09	5.132E+06	1.467
4.979E+09	5.132E+06	1.242
5.029E+09	5.132E+06	1.144
5.078E+09	5.132E+06	1.201
5.127E+09	5.132E+06	1.406
5.176E+09	5.132E+06	1.752
5.226E+09	5.132E+06	2.263
5.275E+09	5.132E+06	2.998
5.324E+09	5.132E+06	3.969
5.374E+09	5.132E+06	5.175
5.423E+09	5.132E+06	6.617
5.472E+09	5.132E+06	8.294
5.522E+09	5.132E+06	10.206
5.571E+09	5.132E+06	12.353
5.620E+09	5.132E+06	14.736
5.670E+09	5.132E+06	17.354
5.719E+09	5.132E+06	20.208
5.768E+09	5.132E+06	23.296
5.817E+09	5.132E+06	26.621
5.867E+09	5.132E+06	30.180
5.916E+09	5.132E+06	33.975
5.965E+09	5.132E+06	38.005
6.015E+09	5.132E+06	42.271
6.064E+09	5.132E+06	46.772
6.113E+09	5.132E+06	51.508
3.944E+09	5.187E+06	44.327
3.993E+09	5.187E+06	39.864
4.043E+09	5.187E+06	35.667
4.092E+09	5.187E+06	31.735
4.141E+09	5.187E+06	28.062
4.191E+09	5.187E+06	24.654
4.240E+09	5.187E+06	21.512
4.289E+09	5.187E+06	18.635
4.338E+09	5.187E+06	16.024
4.388E+09	5.187E+06	13.678
4.437E+09	5.187E+06	11.598
4.486E+09	5.187E+06	9.783
4.536E+09	5.187E+06	8.212
4.585E+09	5.187E+06	6.802
4.634E+09	5.187E+06	5.568
4.684E+09	5.187E+06	4.472
4.733E+09	5.187E+06	3.532
4.782E+09	5.187E+06	2.717
4.831E+09	5.187E+06	2.042
4.881E+09	5.187E+06	1.538
4.930E+09	5.187E+06	1.192
4.979E+09	5.187E+06	0.982
5.029E+09	5.187E+06	0.903
5.078E+09	5.187E+06	0.980
5.127E+09	5.187E+06	1.203
5.176E+09	5.187E+06	1.575
5.226E+09	5.187E+06	2.095
5.275E+09	5.187E+06	2.831
5.324E+09	5.187E+06	3.801
5.374E+09	5.187E+06	5.008
5.423E+09	5.187E+06	6.449
5.472E+09	5.187E+06	8.126
5.522E+09	5.187E+06	10.038
5.571E+09	5.187E+06	12.185
5.620E+09	5.187E+06	14.568
5.670E+09	5.187E+06	17.186
5.719E+09	5.187E+06	20.040
5.768E+09	5.187E+06	23.129
5.817E+09	5.187E+06	26.453
5.867E+09	5.187E+06	30.012
5.916E+09	5.187E+06	33.807
5.965E+09	5.187E+06	37.838
6.015E+09	5.187E+06	42.103
6.064E+09	5.187E+06	46.604
6.113E+09	5.187E+06	51.340
3.944E+09	5.242E+06	43.948
3.993E+09	5.242E+06	39.485
4.043E+09	5.242E+06	35.288
4.092E+09	5.242E+06	31.351
4.141E+09	5.242E+06	27.678
4.191E+09	5.242E+06	24.271
4.240E+09	5.242E+06	21.128
4.289E+09	5.242E+06	18.252
4.338E+09	5.242E+06	15.640
4.388E+09	5.242E+06	13.294
4.437E+09	5.242E+06	11.214
4.486E+09	5.242E+06	9.399
4.536E+09	5.242E+06	7.842
4.585E+09	5.242E+06	6.446
4.634E+09	5.242E+06	5.223
4.684E+09	5.242E+06	4.143
4.733E+09	5.242E+06	3.212
4.782E+09	5.242E+06	2.419
4.831E+09	5.242E+06	1.770
4.881E+09	5.242E+06	1.274
4.930E+09	5.242E+06	0.943
4.979E+09	5.242E+06	0.757
5.029E+09	5.242E+06	0.697
5.078E+09	5.242E+06	0.791
5.127E+09	5.242E+06	1.033
5.176E+09	5.242E+06	1.429
5.226E+09	5.242E+06	1.964
5.275E+09	5.242E+06	2.699
5.324E+09	5.242E+06	3.670
5.374E+09	5.242E+06	4.876
5.423E+09	5.242E+06	6.317
5.472E+09	5.242E+06	7.994
5.522E+09	5.242E+06	9.906
5.571E+09	5.242E+06	12.054
5.620E+09	5.242E+06	14.436
5.670E+09	5.242E+06	17.055
5.719E+09	5.242E+06	19.908
5.768E+09	5.242E+06	22.997
5.817E+09	5.242E+06	26.321
5.867E+09	5.242E+06	29.881
5.916E+09	5.242E+06	33.676
5.965E+09	5.242E+06	37.706
6.015E+09	5.242E+06	41.971
6.064E+09	5.242E+06	46.472
6.113E+09	5.242E+06	51.208
3.944E+09	5.296E+06	43.600
3.993E+09	5.296E+06	39.137
4.043E+09	5.296E+06	34.936
4.092E+09	5.296E+06	30.998
4.141E+09	5.296E+06	27.325
4.191E+09	5.296E+06	23.917
4.240E+09	5.296E+06	20.775
4.289E+09	5.296E+06	17.898
4.338E+09	5.296E+06	15.287
4.388E+09	5.296E+06	12.941
4.437E+09	5.296E+06	10.860
4.486E+09	5.296E+06	9.045
4.536E+09	5.296E+06	7.496
4.585E+09	5.296E+06	6.117
4.634E+09	5.296E+06	4.899
4.684E+09	5.296E+06	3.839
4.733E+09	5.296E+06	2.923
4.782E+09	5.296E+06	2.153
4.831E+09	5.296E+06	1.531
4.881E+09	5.296E+06	1.043
4.930E+09	5.296E+06	0.728
4.979E+09	5.296E+06	0.557
5.029E+09	5.296E+06	0.524
5.078E+09	5.296E+06	0.634
5.127E+09	5.296E+06	0.894
5.176E+09	5.296E+06	1.308
5.226E+09	5.296E+06	1.868
5.275E+09	5.296E+06	2.603
5.324E+09	5.296E+06	3.574
5.374E+09	5.296E+06	4.780
5.423E+09	5.296E+06	6.222
5.472E+09	5.296E+06	7.898
5.522E+09	5.296E+06	9.811
5.571E+09	5.296E+06	11.958
5.620E+09	5.296E+06	14.341
5.670E+09	5.296E+06	16.959
5.719E+09	5.296E+06	19.812
5.768E+09	5.296E+06	22.901
5.817E+09	5.296E+06	26.225
5.867E+09	5.296E+06	29.785
5.916E+09	5.296E+06	33.580
5.965E+09	5.296E+06	37.610
6.015E+09	5.296E+06	41.876
6.064E+09	5.296E+06	46.377
6.113E+09	5.296E+06	51.110
3.944E+09	5.351E+06	43.283
3.993E+09	5.351E+06	38.817
4.043E+09	5.351E+06	34.613
4.092E+09	5.351E+06	30.674
4.141E+09	5.351E+06	27.001
4.191E+09	5.351E+06	23.594
4.240E+09	5.351E+06	20.451
4.289E+09	5.351E+06	17.575
4.338E+09	5.351E+06	14.963
4.388E+09	5.351E+06	12.617
4.437E+09	5.351E+06	10.537
4.486E+09	5.351E+06	8.722
4.536E+09	5.351E+06	7.172
4.585E+09	5.351E+06	5.810
4.634E+09	5.351E+06	4.605
4.684E+09	5.351E+06	3.567
4.733E+09	5.351E+06	2.666
4.782E+09	5.351E+06	1.917
4.831E+09	5.351E+06	1.312
4.881E+09	5.351E+06	0.838
4.930E+09	5.351E+06	0.545
4.979E+09	5.351E+06	0.388
5.029E+09	5.351E+06	0.377
5.078E+09	5.351E+06	0.505
5.127E+09	5.351E+06	0.784
5.176E+09	5.351E+06	1.217
5.226E+09	5.351E+06	1.799
5.275E+09	5.351E+06	2.544
5.324E+09	5.351E+06	3.514
5.374E+09	5.351E+06	4.720
5.423E+09	5.351E+06	6.162
5.472E+09	5.351E+06	7.839
5.522E+09	5.351E+06	9.751
5.571E+09	5.351E+06	11.898
5.620E+09	5.351E+06	14.281
5.670E+09	5.351E+06	16.899
5.719E+09	5.351E+06	19.753
5.768E+09	5.351E+06	22.842
5.817E+09	5.351E+06	26.166
5.867E+09	5.351E+06	29.725
5.916E+09	5.351E+06	33.520
5.965E+09	5.351E+06	37.550
6.015E+09	5.351E+06	41.816
6.064E+09	5.351E+06	46.317
6.113E+09	5.351E+06	51.047
3.944E+09	5.405E+06	42.993
3.993E+09	5.405E+06	38.524
4.043E+09	5.405E+06	34.320
4.092E+09	5.405E+06	30.381
4.141E+09	5.405E+06	26.708
4.191E+09	5.405E+06	23.300
4.240E+09	5.405E+06	20.158
4.289E+09	5.405E+06	17.282
4.338E+09	5.405E+06	14.670
4.388E+09	5.405E+06	12.324
4.437E+09	5.405E+06	10.244
4.486E+09	5.405E+06	8.429
4.536E+09	5.405E+06	6.879
4.585E+09	5.405E+06	5.532
4.634E+09	5.405E+06	4.342
4.684E+09	5.405E+06	3.323
4.733E+09	5.405E+06	2.441
4.782E+09	5.405E+06	1.707
4.831E+09	5.405E+06	1.120
4.881E+09	5.405E+06	0.665
4.930E+09	5.405E+06	0.391
4.979E+09	5.405E+06	0.247
5.029E+09	5.405E+06	0.257
5.078E+09	5.405E+06	0.406
5.127E+09	5.405E+06	0.709
5.176E+09	5.405E+06	1.161
5.226E+09	5.405E+06	1.765
5.275E+09	5.405E+06	2.520
5.324E+09	5.405E+06	3.491
5.374E+09	5.405E+06	4.697
5.423E+09	5.405E+06	6.138
5.472E+09	5.405E+06	7.815
5.522E+09	5.405E+06	9.727
5.571E+09	5.405E+06	11.875
5.620E+09	5.405E+06	14.257
5.670E+09	5.405E+06	16.876
5.719E+09	5.405E+06	19.729
5.768E+09	5.405E+06	22.818
5.817E+09	5.405E+06	26.142
5.867E+09	5.405E+06	29.702
5.916E+09	5.405E+06	33.497
5.965E+09	5.405E+06	37.527
6.015E+09	5.405E+06	41.792
6.064E+09	5.405E+06	46.293
6.113E+09	5.405E+06	51.020
3.944E+09	5.460E+06	42.730
3.993E+09	5.460E+06	38.261
4.043E+09	5.460E+06	34.057
4.092E+09	5.460E+06	30.118
4.141E+09	5.460E+06	26.445
4.191E+09	5.460E+06	23.038
4.240E+09	5.460E+06	19.895
4.289E+09	5.460E+06	17.019
4.338E+09	5.460E+06	14.407
4.388E+09	5.460E+06	12.062
4.437E+09	5.460E+06	9.981
4.486E+09	5.460E+06	8.166
4.536E+09	5.460E+06	6.617
4.585E+09	5.460E+06	5.286
4.634E+09	5.460E+06	4.110
4.684E+09	5.460E+06	3.106
4.733E+09	5.460E+06	2.242
4.782E+09	5.460E+06	1.530
4.831E+09	5.460E+06	0.957
4.881E+09	5.460E+06	0.525
4.930E+09	5.460E+06	0.262
4.979E+09	5.460E+06	0.141
5.029E+09	5.460E+06	0.167
5.078E+09	5.460E+06	0.337
5.127E+09	5.460E+06	0.660
5.176E+09	5.460E+06	1.132
5.226E+09	5.460E+06	1.755
5.275E+09	5.460E+06	2.532
5.324E+09	5.460E+06	3.503
5.374E+09	5.460E+06	4.709
5.423E+09	5.460E+06	6.151
5.472E+09	5.460E+06	7.827
5.522E+09	5.460E+06	9.740
5.571E+09	5.460E+06	11.887
5.620E+09	5.460E+06	14.270
5.670E+09	5.460E+06	16.888
5.719E+09	5.460E+06	19.741
5.768E+09	5.460E+06	22.830
5.817E+09	5.460E+06	26.154
5.867E+09	5.460E+06	29.714
5.916E+09	5.460E+06	33.509
5.965E+09	5.460E+06	37.539
6.015E+09	5.460E+06	41.805
6.064E+09	5.460E+06	46.303
6.113E+09	5.460E+06	51.028
3.944E+09	5.515E+06	42.498
3.993E+09	5.515E+06	38.028
4.043E+09	5.515E+06	33.824
4.092E+09	5.515E+06	29.886
4.141E+09	5.515E+06	26.213
4.191E+09	5.515E+06	22.805
4.240E+09	5.515E+06	19.663
4.289E+09	5.515E+06	16.786
4.338E+09	5.515E+06	14.175
4.388E+09	5.515E+06	11.829
4.437E+09	5.515E+06	9.748
4.486E+09	5.515E+06	7.933
4.536E+09	5.515E+06	6.384
4.585E+09	5.515E+06	5.069
4.634E+09	5.515E+06	3.909
4.684E+09	5.515E+06	2.920
4.733E+09	5.515E+06	2.072
4.782E+09	5.515E+06	1.378
4.831E+09	5.515E+06	0.821
4.881E+09	5.515E+06	0.418
4.930E+09	5.515E+06	0.163
4.979E+09	5.515E+06	0.064
5.029E+09	5.515E+06	0.111
5.078E+09	5.515E+06	0.302
5.127E+09	5.515E+06	0.645
5.176E+09	5.515E+06	1.136
5.226E+09	5.515E+06	1.780
5.275E+09	5.515E+06	2.581
5.324E+09	5.515E+06	3.551
5.374E+09	5.515E+06	4.758
5.423E+09	5.515E+06	6.199
5.472E+09	5.515E+06	7.876
5.522E+09	5.515E+06	9.788
5.571E+09	5.515E+06	11.935
5.620E+09	5.515E+06	14.318
5.670E+09	5.515E+06	16.936
5.719E+09	5.515E+06	19.790
5.768E+09	5.515E+06	22.879
5.817E+09	5.515E+06	26.203
5.867E+09	5.515E+06	29.762
5.916E+09	5.515E+06	33.557
5.965E+09	5.515E+06	37.587
6.015E+09	5.515E+06	41.853
6.064E+09	5.515E+06	46.348
6.113E+09	5.515E+06	51.073
3.944E+09	5.569E+06	42.295
3.993E+09	5.569E+06	37.826
4.043E+09	5.569E+06	33.622
4.092E+09	5.569E+06	29.683
4.141E+09	5.569E+06	26.010
4.191E+09	5.569E+06	22.603
4.240E+09	5.569E+06	19.461
4.289E+09	5.569E+06	16.584
4.338E+09	5.569E+06	13.972
4.388E+09	5.569E+06	11.627
4.437E+09	5.569E+06	9.546
4.486E+09	5.569E+06	7.731
4.536E+09	5.569E+06	6.182
4.585E+09	5.569E+06	4.884
4.634E+09	5.569E+06	3.739
4.684E+09	5.569E+06	2.764
4.733E+09	5.569E+06	1.934
4.782E+09	5.569E+06	1.255
4.831E+09	5.569E+06	0.717
4.881E+09	5.569E+06	0.335
4.930E+09	5.569E+06	0.097
4.979E+09	5.569E+06	0.015
5.029E+09	5.569E+06	0.080
5.078E+09	5.569E+06	0.291
5.127E+09	5.569E+06	0.655
5.176E+09	5.569E+06	1.166
5.226E+09	5.569E+06	1.831
5.275E+09	5.569E+06	2.654
5.324E+09	5.569E+06	3.636
5.374E+09	5.569E+06	4.842
5.423E+09	5.569E+06	6.283
5.472E+09	5.569E+06	7.960
5.522E+09	5.569E+06	9.872
5.571E+09	5.569E+06	12.020
5.620E+09	5.569E+06	14.403
5.670E+09	5.569E+06	17.021
5.719E+09	5.569E+06	19.874
5.768E+09	5.569E+06	22.963
5.817E+09	5.569E+06	26.287
5.867E+09	5.569E+06	29.847
5.916E+09	5.569E+06	33.642
5.965E+09	5.569E+06	37.672
6.015E+09	5.569E+06	41.937
6.064E+09	5.569E+06	46.428
6.113E+09	5.569E+06	51.154
3.944E+09	5.624E+06	42.123
3.993E+09	5.624E+06	37.654
4.043E+09	5.624E+06	33.450
4.092E+09	5.624E+06	29.511
4.141E+09	5.624E+06	25.838
4.191E+09	5.624E+06	22.431
4.240E+09	5.624E+06	19.288
4.289E+09	5.624E+06	16.412
4.338E+09	5.624E+06	13.800
4.388E+09	5.624E+06	11.455
4.437E+09	5.624E+06	9.374
4.486E+09	5.624E+06	7.559
4.536E+09	5.624E+06	6.010
4.585E+09	5.624E+06	4.724
4.634E+09	5.624E+06	3.595
4.684E+09	5.624E+06	2.631
4.733E+09	5.624E+06	1.821
4.782E+09	5.624E+06	1.158
4.831E+09	5.624E+06	0.645
4.881E+09	5.624E+06	0.282
4.930E+09	5.624E+06	0.064
4.979E+09	5.624E+06	0.000
5.029E+09	5.624E+06	0.082
5.078E+09	5.624E+06	0.313
5.127E+09	5.624E+06	0.698
5.176E+09	5.624E+06	1.231
5.226E+09	5.624E+06	1.917
5.275E+09	5.624E+06	2.755
5.324E+09	5.624E+06	3.756
5.374E+09	5.624E+06	4.962
5.423E+09	5.624E+06	6.404
5.472E+09	5.624E+06	8.081
5.522E+09	5.624E+06	9.993
5.571E+09	5.624E+06	12.140
5.620E+09	5.624E+06	14.523
5.670E+09	5.624E+06	17.141
5.719E+09	5.624E+06	19.995
5.768E+09	5.624E+06	23.084
5.817E+09	5.624E+06	26.408
5.867E+09	5.624E+06	29.967
5.916E+09	5.624E+06	33.762
5.965E+09	5.624E+06	37.792
6.015E+09	5.624E+06	42.055
6.064E+09	5.624E+06	46.545
6.113E+09	5.624E+06	51.270
3.944E+09	5.678E+06	41.981
3.993E+09	5.678E+06	37.512
4.043E+09	5.678E+06	33.308
4.092E+09	5.678E+06	29.370
4.141E+09	5.678E+06	25.696
4.191E+09	5.678E+06	22.289
4.240E+09	5.678E+06	19.147
4.289E+09	5.678E+06	16.270
4.338E+09	5.678E+06	13.659
4.388E+09	5.678E+06	11.313
4.437E+09	5.678E+06	9.232
4.486E+09	5.678E+06	7.417
4.536E+09	5.678E+06	5.868
4.585E+09	5.678E+06	4.584
4.634E+09	5.678E+06	3.478
4.684E+09	5.678E+06	2.530
4.733E+09	5.678E+06	1.737
4.782E+09	5.678E+06	1.091
4.831E+09	5.678E+06	0.597
4.881E+09	5.678E+06	0.252
4.930E+09	5.678E+06	0.056
4.979E+09	5.678E+06	0.010
5.029E+09	5.678E+06	0.113
5.078E+09	5.678E+06	0.364
5.127E+09	5.678E+06	0.769
5.176E+09	5.678E+06	1.326
5.226E+09	5.678E+06	2.032
5.275E+09	5.678E+06	2.887
5.324E+09	5.678E+06	3.913
5.374E+09	5.678E+06	5.119
5.423E+09	5.678E+06	6.560
5.472E+09	5.678E+06	8.237
5.522E+09	5.678E+06	10.149
5.571E+09	5.678E+06	12.297
5.620E+09	5.678E+06	14.679
5.670E+09	5.678E+06	17.298
5.719E+09	5.678E+06	20.151
5.768E+09	5.678E+06	23.240
5.817E+09	5.678E+06	26.564
5.867E+09	5.678E+06	30.124
5.916E+09	5.678E+06	33.919
5.965E+09	5.678E+06	37.949
6.015E+09	5.678E+06	42.208
6.064E+09	5.678E+06	46.697
6.113E+09	5.678E+06	51.422
3.944E+09	5.733E+06	41.870
3.993E+09	5.733E+06	37.400
4.043E+09	5.733E+06	33.197
4.092E+09	5.733E+06	29.258
4.141E+09	5.733E+06	25.585
4.191E+09	5.733E+06	22.177
4.240E+09	5.733E+06	19.035
4.289E+09	5.733E+06	16.158
4.338E+09	5.733E+06	13.547
4.388E+09	5.733E+06	11.201
4.437E+09	5.733E+06	9.121
4.486E+09	5.733E+06	7.306
4.536E+09	5.733E+06	5.756
4.585E+09	5.733E+06	4.472
4.634E+09	5.733E+06	3.388
4.684E+09	5.733E+06	2.454
4.733E+09	5.733E+06	1.684
4.782E+09	5.733E+06	1.057
4.831E+09	5.733E+06	0.580
4.881E+09	5.733E+06	0.254
4.930E+09	5.733E+06	0.080
4.979E+09	5.733E+06	0.050
5.029E+09	5.733E+06	0.174
5.078E+09	5.733E+06	0.444
5.127E+09	5.733E+06	0.870
5.176E+09	5.733E+06	1.450
5.226E+09	5.733E+06	2.176
5.275E+09	5.733E+06	3.054
5.324E+09	5.733E+06	4.102
5.374E+09	5.733E+06	5.311
5.423E+09	5.733E+06	6.753
5.472E+09	5.733E+06	8.429
5.522E+09	5.733E+06	10.342
5.571E+09	5.733E+06	12.489
5.620E+09	5.733E+06	14.872
5.670E+09	5.733E+06	17.490
5.719E+09	5.733E+06	20.344
5.768E+09	5.733E+06	23.432
5.817E+09	5.733E+06	26.757
5.867E+09	5.733E+06	30.316
5.916E+09	5.733E+06	34.111
5.965E+09	5.733E+06	38.141
6.015E+09	5.733E+06	42.396
6.064E+09	5.733E+06	46.886
6.113E+09	5.733E+06	51.611
3.944E+09	5.788E+06	41.789
3.993E+09	5.788E+06	37.319
4.043E+09	5.788E+06	33.115
4.092E+09	5.788E+06	29.177
4.141E+09	5.788E+06	25.504
4.191E+09	5.788E+06	22.096
4.240E+09	5.788E+06	18.954
4.289E+09	5.788E+06	16.077
4.338E+09	5.788E+06	13.466
4.388E+09	5.788E+06	11.120
4.437E+09	5.788E+06	9.039
4.486E+09	5.788E+06	7.224
4.536E+09	5.788E+06	5.675
4.585E+09	5.788E+06	4.391
4.634E+09	5.788E+06	3.325
4.684E+09	5.788E+06	2.407
4.733E+09	5.788E+06	1.654
4.782E+09	5.788E+06	1.046
4.831E+09	5.788E+06	0.589
4.881E+09	5.788E+06	0.283
4.930E+09	5.788E+06	0.128
4.979E+09	5.788E+06	0.124
5.029E+09	5.788E+06	0.266
5.078E+09	5.788E+06	0.553
5.127E+09	5.788E+06	0.994
5.176E+09	5.788E+06	1.598
5.226E+09	5.788E+06	2.346
5.275E+09	5.788E+06	3.248
5.324E+09	5.788E+06	4.312
5.374E+09	5.788E+06	5.540
5.423E+09	5.788E+06	6.981
5.472E+09	5.788E+06	8.658
5.522E+09	5.788E+06	10.570
5.571E+09	5.788E+06	12.718
5.620E+09	5.788E+06	15.100
5.670E+09	5.788E+06	17.718
5.719E+09	5.788E+06	20.572
5.768E+09	5.788E+06	23.661
5.817E+09	5.788E+06	26.985
5.867E+09	5.788E+06	30.545
5.916E+09	5.788E+06	34.339
5.965E+09	5.788E+06	38.366
6.015E+09	5.788E+06	42.620
6.064E+09	5.788E+06	47.110
6.113E+09	5.788E+06	51.835
3.944E+09	5.842E+06	41.738
3.993E+09	5.842E+06	37.268
4.043E+09	5.842E+06	33.064
4.092E+09	5.842E+06	29.126
4.141E+09	5.842E+06	25.453
4.191E+09	5.842E+06	22.045
4.240E+09	5.842E+06	18.903
4.289E+09	5.842E+06	16.026
4.338E+09	5.842E+06	13.415
4.388E+09	5.842E+06	11.069
4.437E+09	5.842E+06	8.988
4.486E+09	5.842E+06	7.173
4.536E+09	5.842E+06	5.624
4.585E+09	5.842E+06	4.340
4.634E+09	5.842E+06	3.292
4.684E+09	5.842E+06	2.392
4.733E+09	5.842E+06	1.656
4.782E+09	5.842E+06	1.066
4.831E+09	5.842E+06	0.626
4.881E+09	5.842E+06	0.340
4.930E+09	5.842E+06	0.205
4.979E+09	5.842E+06	0.227
5.029E+09	5.842E+06	0.384
5.078E+09	5.842E+06	0.691
5.127E+09	5.842E+06	1.153
5.176E+09	5.842E+06	1.780
5.226E+09	5.842E+06	2.550
5.275E+09	5.842E+06	3.476
5.324E+09	5.842E+06	4.550
5.374E+09	5.842E+06	5.804
5.423E+09	5.842E+06	7.246
5.472E+09	5.842E+06	8.922
5.522E+09	5.842E+06	10.835
5.571E+09	5.842E+06	12.982
5.620E+09	5.842E+06	15.365
5.670E+09	5.842E+06	17.983
5.719E+09	5.842E+06	20.836
5.768E+09	5.842E+06	23.925
5.817E+09	5.842E+06	27.250
5.867E+09	5.842E+06	30.809
5.916E+09	5.842E+06	34.604
5.965E+09	5.842E+06	38.626
6.015E+09	5.842E+06	42.880
6.064E+09	5.842E+06	47.370
6.113E+09	5.842E+06	52.095
3.944E+09	5.897E+06	41.717
3.993E+09	5.897E+06	37.247
4.043E+09	5.897E+06	33.043
4.092E+09	5.897E+06	29.105
4.141E+09	5.897E+06	25.432
4.191E+09	5.897E+06	22.024
4.240E+09	5.897E+06	18.882
4.289E+09	5.897E+06	16.005
4.338E+09	5.897E+06	13.394
4.388E+09	5.897E+06	11.048
4.437E+09	5.897E+06	8.968
4.486E+09	5.897E+06	7.153
4.536E+09	5.897E+06	5.603
4.585E+09	5.897E+06	4.319
4.634E+09	5.897E+06	3.282
4.684E+09	5.897E+06	2.406
4.733E+09	5.897E+06	1.682
4.782E+09	5.897E+06	1.117
4.831E+09	5.897E+06	0.695
4.881E+09	5.897E+06	0.430
4.930E+09	5.897E+06	0.315
4.979E+09	5.897E+06	0.360
5.029E+09	5.897E+06	0.532
5.078E+09	5.897E+06	0.862
5.127E+09	5.897E+06	1.345
5.176E+09	5.897E+06	1.993
5.226E+09	5.897E+06	2.788
5.275E+09	5.897E+06	3.733
5.324E+09	5.897E+06	4.824
5.374E+09	5.897E+06	6.105
5.423E+09	5.897E+06	7.546
5.472E+09	5.897E+06	9.223
5.522E+09	5.897E+06	11.135
5.571E+09	5.897E+06	13.283
5.620E+09	5.897E+06	15.665
5.670E+09	5.897E+06	18.283
5.719E+09	5.897E+06	21.137
5.768E+09	5.897E+06	24.226
5.817E+09	5.897E+06	27.550
5.867E+09	5.897E+06	31.110
5.916E+09	5.897E+06	34.902
5.965E+09	5.897E+06	38.922
6.015E+09	5.897E+06	43.177
6.064E+09	5.897E+06	47.666
6.113E+09	5.897E+06	52.391
3.944E+09	5.951E+06	41.726
3.993E+09	5.951E+06	37.257
4.043E+09	5.951E+06	33.053
4.092E+09	5.951E+06	29.114
4.141E+09	5.951E+06	25.441
4.191E+09	5.951E+06	22.034
4.240E+09	5.951E+06	18.891
4.289E+09	5.951E+06	16.015
4.338E+09	5.951E+06	13.403
4.388E+09	5.951E+06	11.057
4.437E+09	5.951E+06	8.977
4.486E+09	5.951E+06	7.162
4.536E+09	5.951E+06	5.612
4.585E+09	5.951E+06	4.328
4.634E+09	5.951E+06	3.299
4.684E+09	5.951E+06	2.443
4.733E+09	5.951E+06	1.736
4.782E+09	5.951E+06	1.191
4.831E+09	5.951E+06	0.791
4.881E+09	5.951E+06	0.542
4.930E+09	5.951E+06	0.447
4.979E+09	5.951E+06	0.518
5.029E+09	5.951E+06	0.706
5.078E+09	5.951E+06	1.064
5.127E+09	5.951E+06	1.563
5.176E+09	5.951E+06	2.226
5.226E+09	5.951E+06	3.050
5.275E+09	5.951E+06	4.015
5.324E+09	5.951E+06	5.134
5.374E+09	5.951E+06	6.426
5.423E+09	5.951E+06	7.883
5.472E+09	5.951E+06	9.559
5.522E+09	5.951E+06	11.472
5.571E+09	5.951E+06	13.619
5.620E+09	5.951E+06	16.002
5.670E+09	5.951E+06	18.620
5.719E+09	5.951E+06	21.474
5.768E+09	5.951E+06	24.562
5.817E+09	5.951E+06	27.887
5.867E+09	5.951E+06	31.446
5.916E+09	5.951E+06	35.235
5.965E+09	5.951E+06	39.254
6.015E+09	5.951E+06	43.509
6.064E+09	5.951E+06	47.999
6.113E+09	5.951E+06	52.724
3.944E+09	6.006E+06	41.766
3.993E+09	6.006E+06	37.297
4.043E+09	6.006E+06	33.093
4.092E+09	6.006E+06	29.154
4.141E+09	6.006E+06	25.481
4.191E+09	6.006E+06	22.073
4.240E+09	6.006E+06	18.931
4.289E+09	6.006E+06	16.054
4.338E+09	6.006E+06	13.443
4.388E+09	6.006E+06	11.097
4.437E+09	6.006E+06	9.017
4.486E+09	6.006E+06	7.202
4.536E+09	6.006E+06	5.652
4.585E+09	6.006E+06	4.368
4.634E+09	6.006E+06	3.346
4.684E+09	6.006E+06	2.510
4.733E+09	6.006E+06	1.821
4.782E+09	6.006E+06	1.296
4.831E+09	6.006E+06	0.916
4.881E+09	6.006E+06	0.686
4.930E+09	6.006E+06	0.612
4.979E+09	6.006E+06	0.694
5.029E+09	6.006E+06	0.913
5.078E+09	6.006E+06	1.293
5.127E+09	6.006E+06	1.812
5.176E+09	6.006E+06	2.486
5.226E+09	6.006E+06	3.335
5.275E+09	6.006E+06	4.324
5.324E+09	6.006E+06	5.469
5.374E+09	6.006E+06	6.771
5.423E+09	6.006E+06	8.255
5.472E+09	6.006E+06	9.932
5.522E+09	6.006E+06	11.844
5.571E+09	6.006E+06	13.992
5.620E+09	6.006E+06	16.374
5.670E+09	6.006E+06	18.993
5.719E+09	6.006E+06	21.846
5.768E+09	6.006E+06	24.935
5.817E+09	6.006E+06	28.259
5.867E+09	6.006E+06	31.818
5.916E+09	6.006E+06	35.603
5.965E+09	6.006E+06	39.622
6.015E+09	6.006E+06	43.877
6.064E+09	6.006E+06	48.367
6.113E+09	6.006E+06	53.092
3.944E+09	6.061E+06	41.836
3.993E+09	6.061E+06	37.367
4.043E+09	6.061E+06	33.163
4.092E+09	6.061E+06	29.224
4.141E+09	6.061E+06	25.551
4.191E+09	6.061E+06	22.143
4.240E+09	6.061E+06	19.001
4.289E+09	6.061E+06	16.124
4.338E+09	6.061E+06	13.513
4.388E+09	6.061E+06	11.167
4.437E+09	6.061E+06	9.087
4.486E+09	6.061E+06	7.272
4.536E+09	6.061E+06	5.722
4.585E+09	6.061E+06	4.438
4.634E+09	6.061E+06	3.419
4.684E+09	6.061E+06	2.608
4.733E+09	6.061E+06	1.937
4.782E+09	6.061E+06	1.428
4.831E+09	6.061E+06	1.066
4.881E+09	6.061E+06	0.853
4.930E+09	6.061E+06	0.804
4.979E+09	6.061E+06	0.902
5.029E+09	6.061E+06	1.153
5.078E+09	6.061E+06	1.550
5.127E+09	6.061E+06	2.084
5.176E+09	6.061E+06	2.781
5.226E+09	6.061E+06	3.655
5.275E+09	6.061E+06	4.669
5.324E+09	6.061E+06	5.838
5.374E+09	6.061E+06	7.152
5.423E+09	6.061E+06	8.664
5.472E+09	6.061E+06	10.341
5.522E+09	6.061E+06	12.253
5.571E+09	6.061E+06	14.400
5.620E+09	6.061E+06	16.783
5.670E+09	6.061E+06	19.401
5.719E+09	6.061E+06	22.255
5.768E+09	6.061E+06	25.344
5.817E+09	6.061E+06	28.668
5.867E+09	6.061E+06	32.222
5.916E+09	6.061E+06	36.007
5.965E+09	6.061E+06	40.026
6.015E+09	6.061E+06	44.281
6.064E+09	6.061E+06	48.771
6.113E+09	6.061E+06	53.496
3.944E+09	6.115E+06	41.936
3.993E+09	6.115E+06	37.467
4.043E+09	6.115E+06	33.263
4.092E+09	6.115E+06	29.324
4.141E+09	6.115E+06	25.651
4.191E+09	6.115E+06	22.244
4.240E+09	6.115E+06	19.101
4.289E+09	6.115E+06	16.225
4.338E+09	6.115E+06	13.613
4.388E+09	6.115E+06	11.267
4.437E+09	6.115E+06	9.187
4.486E+09	6.115E+06	7.372
4.536E+09	6.115E+06	5.822
4.585E+09	6.115E+06	4.538
4.634E+09	6.115E+06	3.520
4.684E+09	6.115E+06	2.726
4.733E+09	6.115E+06	2.078
4.782E+09	6.115E+06	1.586
4.831E+09	6.115E+06	1.244
4.881E+09	6.115E+06	1.049
4.930E+09	6.115E+06	1.023
4.979E+09	6.115E+06	1.142
5.029E+09	6.115E+06	1.426
5.078E+09	6.115E+06	1.834
5.127E+09	6.115E+06	2.390
5.176E+09	6.115E+06	3.110
5.226E+09	6.115E+06	4.007
5.275E+09	6.115E+06	5.046
5.324E+09	6.115E+06	6.236
5.374E+09	6.115E+06	7.568
5.423E+09	6.115E+06	9.097
5.472E+09	6.115E+06	10.785
5.522E+09	6.115E+06	12.697
5.571E+09	6.115E+06	14.845
5.620E+09	6.115E+06	17.228
5.670E+09	6.115E+06	19.846
5.719E+09	6.115E+06	22.699
5.768E+09	6.115E+06	25.788
5.817E+09	6.115E+06	29.112
5.867E+09	6.115E+06	32.662
5.916E+09	6.115E+06	36.447
5.965E+09	6.115E+06	40.466
6.015E+09	6.115E+06	44.721
6.064E+09	6.115E+06	49.211
6.113E+09	6.115E+06	53.936
3.944E+09	6.170E+06	42.067
3.993E+09	6.170E+06	37.597
4.043E+09	6.170E+06	33.393
4.092E+09	6.170E+06	29.455
4.141E+09	6.170E+06	25.782
4.191E+09	6.170E+06	22.374
4.240E+09	6.170E+06	19.232
4.289E+09	6.170E+06	16.355
4.338E+09	6.170E+06	13.744
4.388E+09	6.170E+06	11.398
4.437E+09	6.170E+06	9.317
4.486E+09	6.170E+06	7.502
4.536E+09	6.170E+06	5.953
4.585E+09	6.170E+06	4.669
4.634E+09	6.170E+06	3.650
4.684E+09	6.170E+06	2.864
4.733E+09	6.170E+06	2.248
4.782E+09	6.170E+06	1.770
4.831E+09	6.170E+06	1.453
4.881E+09	6.170E+06	1.278
4.930E+09	6.170E+06	1.271
4.979E+09	6.170E+06	1.411
5.029E+09	6.170E+06	1.726
5.078E+09	6.170E+06	2.140
5.127E+09	6.170E+06	2.730
5.176E+09	6.170E+06	3.469
5.226E+09	6.170E+06	4.370
5.275E+09	6.170E+06	5.442
5.324E+09	6.170E+06	6.652
5.374E+09	6.170E+06	8.019
5.423E+09	6.170E+06	9.549
5.472E+09	6.170E+06	11.266
5.522E+09	6.170E+06	13.178
5.571E+09	6.170E+06	15.325
5.620E+09	6.170E+06	17.708
5.670E+09	6.170E+06	20.326
5.719E+09	6.170E+06	23.180
5.768E+09	6.170E+06	26.269
5.817E+09	6.170E+06	29.589
5.867E+09	6.170E+06	33.138
5.916E+09	6.170E+06	36.923
5.965E+09	6.170E+06	40.942
6.015E+09	6.170E+06	45.197
6.064E+09	6.170E+06	49.687
6.113E+09	6.170E+06	54.412
3.944E+09	6.224E+06	42.227
3.993E+09	6.224E+06	37.758
4.043E+09	6.224E+06	33.554
4.092E+09	6.224E+06	29.616
4.141E+09	6.224E+06	25.942
4.191E+09	6.224E+06	22.535
4.240E+09	6.224E+06	19.393
4.289E+09	6.224E+06	16.516
4.338E+09	6.224E+06	13.905
4.388E+09	6.224E+06	11.559
4.437E+09	6.224E+06	9.478
4.486E+09	6.224E+06	7.663
4.536E+09	6.224E+06	6.114
4.585E+09	6.224E+06	4.830
4.634E+09	6.224E+06	3.811
4.684E+09	6.224E+06	3.033
4.733E+09	6.224E+06	2.438
4.782E+09	6.224E+06	1.979
4.831E+09	6.224E+06	1.688
4.881E+09	6.224E+06	1.538
4.930E+09	6.224E+06	1.543
4.979E+09	6.224E+06	1.706
5.029E+09	6.224E+06	2.032
5.078E+09	6.224E+06	2.480
5.127E+09	6.224E+06	3.099
5.176E+09	6.224E+06	3.855
5.226E+09	6.224E+06	4.767
5.275E+09	6.224E+06	5.866
5.324E+09	6.224E+06	7.102
5.374E+09	6.224E+06	8.494
5.423E+09	6.224E+06	10.036
5.472E+09	6.224E+06	11.782
5.522E+09	6.224E+06	13.694
5.571E+09	6.224E+06	15.842
5.620E+09	6.224E+06	18.225
5.670E+09	6.224E+06	20.843
5.719E+09	6.224E+06	23.696
5.768E+09	6.224E+06	26.785
5.817E+09	6.224E+06	30.101
5.867E+09	6.224E+06	33.650
5.916E+09	6.224E+06	37.434
5.965E+09	6.224E+06	41.454
6.015E+09	6.224E+06	45.709
6.064E+09	6.224E+06	50.198
6.113E+09	6.224E+06	54.923
3.944E+09	6.279E+06	42.418
3.993E+09	6.279E+06	37.949
4.043E+09	6.279E+06	33.745
4.092E+09	6.279E+06	29.807
4.141E+09	6.279E+06	26.133
4.191E+09	6.279E+06	22.726
4.240E+09	6.279E+06	19.584
4.289E+09	6.279E+06	16.707
4.338E+09	6.279E+06	14.096
4.388E+09	6.279E+06	11.750
4.437E+09	6.279E+06	9.669
4.486E+09	6.279E+06	7.854
4.536E+09	6.279E+06	6.305
4.585E+09	6.279E+06	5.021
4.634E+09	6.279E+06	4.002
4.684E+09	6.279E+06	3.232
4.733E+09	6.279E+06	2.659
4.782E+09	6.279E+06	2.219
4.831E+09	6.279E+06	1.950
4.881E+09	6.279E+06	1.824
4.930E+09	6.279E+06	1.844
4.979E+09	6.279E+06	2.033
5.029E+09	6.279E+06	2.371
5.078E+09	6.279E+06	2.853
5.127E+09	6.279E+06	3.496
5.176E+09	6.279E+06	4.262
5.226E+09	6.279E+06	5.198
5.275E+09	6.279E+06	6.324
5.324E+09	6.279E+06	7.586
5.374E+09	6.279E+06	9.004
5.423E+09	6.279E+06	10.559
5.472E+09	6.279E+06	12.325
5.522E+09	6.279E+06	14.247
5.571E+09	6.279E+06	16.395
5.620E+09	6.279E+06	18.777
5.670E+09	6.279E+06	21.396
5.719E+09	6.279E+06	24.249
5.768E+09	6.279E+06	27.335
5.817E+09	6.279E+06	30.649
5.867E+09	6.279E+06	34.198
5.916E+09	6.279E+06	37.982
5.965E+09	6.279E+06	42.002
6.015E+09	6.279E+06	46.256
6.064E+09	6.279E+06	50.746
6.113E+09	6.279E+06	55.471
3.944E+09	6.334E+06	42.640
3.993E+09	6.334E+06	38.170
4.043E+09	6.334E+06	33.966
4.092E+09	6.334E+06	30.028
4.141E+09	6.334E+06	26.355
4.191E+09	6.334E+06	22.947
4.240E+09	6.334E+06	19.805
4.289E+09	6.334E+06	16.928
4.338E+09	6.334E+06	14.317
4.388E+09	6.334E+06	11.971
4.437E+09	6.334E+06	9.890
4.486E+09	6.334E+06	8.075
4.536E+09	6.334E+06	6.526
4.585E+09	6.334E+06	5.242
4.634E+09	6.334E+06	4.223
4.684E+09	6.334E+06	3.462
4.733E+09	6.334E+06	2.911
4.782E+09	6.334E+06	2.491
4.831E+09	6.334E+06	2.242
4.881E+09	6.334E+06	2.133
4.930E+09	6.334E+06	2.169
4.979E+09	6.334E+06	2.385
5.029E+09	6.334E+06	2.742
5.078E+09	6.334E+06	3.259
5.127E+09	6.334E+06	3.914
5.176E+09	6.334E+06	4.703
5.226E+09	6.334E+06	5.664
5.275E+09	6.334E+06	6.803
5.324E+09	6.334E+06	8.101
5.374E+09	6.334E+06	9.534
5.423E+09	6.334E+06	11.117
5.472E+09	6.334E+06	12.883
5.522E+09	6.334E+06	14.836
5.571E+09	6.334E+06	16.983
5.620E+09	6.334E+06	19.366
5.670E+09	6.334E+06	21.984
5.719E+09	6.334E+06	24.838
5.768E+09	6.334E+06	27.919
5.817E+09	6.334E+06	31.233
5.867E+09	6.334E+06	34.782
5.916E+09	6.334E+06	38.566
5.965E+09	6.334E+06	42.585
6.015E+09	6.334E+06	46.840
6.064E+09	6.334E+06	51.330
6.113E+09	6.334E+06	56.055
3.944E+09	6.388E+06	42.891
3.993E+09	6.388E+06	38.422
4.043E+09	6.388E+06	34.218
4.092E+09	6.388E+06	30.279
4.141E+09	6.388E+06	26.606
4.191E+09	6.388E+06	23.199
4.240E+09	6.388E+06	20.056
4.289E+09	6.388E+06	17.180
4.338E+09	6.388E+06	14.568
4.388E+09	6.388E+06	12.222
4.437E+09	6.388E+06	10.142
4.486E+09	6.388E+06	8.327
4.536E+09	6.388E+06	6.777
4.585E+09	6.388E+06	5.493
4.634E+09	6.388E+06	4.475
4.684E+09	6.388E+06	3.721
4.733E+09	6.388E+06	3.180
4.782E+09	6.388E+06	2.793
4.831E+09	6.388E+06	2.556
4.881E+09	6.388E+06	2.468
4.930E+09	6.388E+06	2.525
4.979E+09	6.388E+06	2.766
5.029E+09	6.388E+06	3.146
5.078E+09	6.388E+06	3.698
5.127E+09	6.388E+06	4.353
5.176E+09	6.388E+06	5.178
5.226E+09	6.388E+06	6.162
5.275E+09	6.388E+06	7.303
5.324E+09	6.388E+06	8.629
5.374E+09	6.388E+06	10.088
5.423E+09	6.388E+06	11.705
5.472E+09	6.388E+06	13.477
5.522E+09	6.388E+06	15.460
5.571E+09	6.388E+06	17.608
5.620E+09	6.388E+06	19.991
5.670E+09	6.388E+06	22.609
5.719E+09	6.388E+06	25.460
5.768E+09	6.388E+06	28.538
5.817E+09	6.388E+06	31.852
5.867E+09	6.388E+06	35.401
5.916E+09	6.388E+06	39.186
5.965E+09	6.388E+06	43.205
6.015E+09	6.388E+06	47.460
6.064E+09	6.388E+06	51.950
6.113E+09	6.388E+06	56.675
3.944E+09	6.443E+06	43.173
3.993E+09	6.443E+06	38.704
4.043E+09	6.443E+06	34.500
4.092E+09	6.443E+06	30.561
4.141E+09	6.443E+06	26.888
4.191E+09	6.443E+06	23.480
4.240E+09	6.443E+06	20.338
4.289E+09	6.443E+06	17.461
4.338E+09	6.443E+06	14.850
4.388E+09	6.443E+06	12.504
4.437E+09	6.443E+06	10.424
4.486E+09	6.443E+06	8.609
4.536E+09	6.443E+06	7.059
4.585E+09	6.443E+06	5.775
4.634E+09	6.443E+06	4.756
4.684E+09	6.443E+06	4.003
4.733E+09	6.443E+06	3.470
4.782E+09	6.443E+06	3.120
4.831E+09	6.443E+06	2.894
4.881E+09	6.443E+06	2.835
4.930E+09	6.443E+06	2.913
4.979E+09	6.443E+06	3.168
5.029E+09	6.443E+06	3.571
5.078E+09	6.443E+06	4.143
5.127E+09	6.443E+06	4.826
5.176E+09	6.443E+06	5.687
5.226E+09	6.443E+06	6.682
5.275E+09	6.443E+06	7.836
5.324E+09	6.443E+06	9.191
5.374E+09	6.443E+06	10.678
5.423E+09	6.443E+06	12.322
5.472E+09	6.443E+06	14.107
5.522E+09	6.443E+06	16.109
5.571E+09	6.443E+06	18.269
5.620E+09	6.443E+06	20.651
5.670E+09	6.443E+06	23.270
5.719E+09	6.443E+06	26.115
5.768E+09	6.443E+06	29.194
5.817E+09	6.443E+06	32.508
5.867E+09	6.443E+06	36.057
5.916E+09	6.443E+06	39.841
5.965E+09	6.443E+06	43.861
6.015E+09	6.443E+06	48.115
6.064E+09	6.443E+06	52.605
6.113E+09	6.443E+06	57.330
3.944E+09	6.497E+06	43.485
3.993E+09	6.497E+06	39.016
4.043E+09	6.497E+06	34.812
4.092E+09	6.497E+06	30.873
4.141E+09	6.497E+06	27.200
4.191E+09	6.497E+06	23.792
4.240E+09	6.497E+06	20.650
4.289E+09	6.497E+06	17.773
4.338E+09	6.497E+06	15.162
4.388E+09	6.497E+06	12.816
4.437E+09	6.497E+06	10.736
4.486E+09	6.497E+06	8.921
4.536E+09	6.497E+06	7.371
4.585E+09	6.497E+06	6.087
4.634E+09	6.497E+06	5.069
4.684E+09	6.497E+06	4.315
4.733E+09	6.497E+06	3.791
4.782E+09	6.497E+06	3.464
4.831E+09	6.497E+06	3.258
4.881E+09	6.497E+06	3.228
4.930E+09	6.497E+06	3.333
4.979E+09	6.497E+06	3.601
5.029E+09	6.497E+06	4.027
5.078E+09	6.497E+06	4.613
5.127E+09	6.497E+06	5.331
5.176E+09	6.497E+06	6.220
5.226E+09	6.497E+06	7.225
5.275E+09	6.497E+06	8.404
5.324E+09	6.497E+06	9.786
5.374E+09	6.497E+06	11.302
5.423E+09	6.497E+06	12.969
5.472E+09	6.497E+06	14.772
5.522E+09	6.497E+06	16.774
5.571E+09	6.497E+06	18.965
5.620E+09	6.497E+06	21.348
5.670E+09	6.497E+06	23.963
5.719E+09	6.497E+06	26.807
5.768E+09	6.497E+06	29.885
5.817E+09	6.497E+06	33.199
5.867E+09	6.497E+06	36.749
5.916E+09	6.497E+06	40.533
5.965E+09	6.497E+06	44.552
6.015E+09	6.497E+06	48.807
6.064E+09	6.497E+06	53.297
6.113E+09	6.497E+06	58.022
3.944E+09	6.552E+06	43.827
3.993E+09	6.552E+06	39.358
4.043E+09	6.552E+06	35.154
4.092E+09	6.552E+06	31.215
4.141E+09	6.552E+06	27.542
4.191E+09	6.552E+06	24.135
4.240E+09	6.552E+06	20.992
4.289E+09	6.552E+06	18.116
4.338E+09	6.552E+06	15.504
4.388E+09	6.552E+06	13.159
4.437E+09	6.552E+06	11.078
4.486E+09	6.552E+06	9.263
4.536E+09	6.552E+06	7.714
4.585E+09	6.552E+06	6.429
4.634E+09	6.552E+06	5.411
4.684E+09	6.552E+06	4.658
4.733E+09	6.552E+06	4.142
4.782E+09	6.552E+06	3.839
4.831E+09	6.552E+06	3.654
4.881E+09	6.552E+06	3.647
4.930E+09	6.552E+06	3.782
4.979E+09	6.552E+06	4.053
5.029E+09	6.552E+06	4.517
5.078E+09	6.552E+06	5.115
5.127E+09	6.552E+06	5.870
5.176E+09	6.552E+06	6.772
5.226E+09	6.552E+06	7.801
5.275E+09	6.552E+06	9.006
5.324E+09	6.552E+06	10.388
5.374E+09	6.552E+06	11.943
5.423E+09	6.552E+06	13.629
5.472E+09	6.552E+06	15.472
5.522E+09	6.552E+06	17.475
5.571E+09	6.552E+06	19.698
5.620E+09	6.552E+06	22.081
5.670E+09	6.552E+06	24.691
5.719E+09	6.552E+06	27.534
5.768E+09	6.552E+06	30.613
5.817E+09	6.552E+06	33.927
5.867E+09	6.552E+06	37.476
5.916E+09	6.552E+06	41.260
5.965E+09	6.552E+06	45.280
6.015E+09	6.552E+06	49.534
6.064E+09	6.552E+06	54.024
6.113E+09	6.552E+06	58.749
3.944E+09	6.607E+06	44.200
3.993E+09	6.607E+06	39.730
4.043E+09	6.607E+06	35.526
4.092E+09	6.607E+06	31.588
4.141E+09	6.607E+06	27.915
4.191E+09	6.607E+06	24.507
4.240E+09	6.607E+06	21.365
4.289E+09	6.607E+06	18.488
4.338E+09	6.607E+06	15.877
4.388E+09	6.607E+06	13.531
4.437E+09	6.607E+06	11.451
4.486E+09	6.607E+06	9.636
4.536E+09	6.607E+06	8.086
4.585E+09	6.607E+06	6.802
4.634E+09	6.607E+06	5.783
4.684E+09	6.607E+06	5.030
4.733E+09	6.607E+06	4.524
4.782E+09	6.607E+06	4.245
4.831E+09	6.607E+06	4.081
4.881E+09	6.607E+06	4.096
4.930E+09	6.607E+06	4.245
4.979E+09	6.607E+06	4.536
5.029E+09	6.607E+06	5.026
5.078E+09	6.607E+06	5.649
5.127E+09	6.607E+06	6.442
5.176E+09	6.607E+06	7.344
5.226E+09	6.607E+06	8.411
5.275E+09	6.607E+06	9.641
5.324E+09	6.607E+06	11.024
5.374E+09	6.607E+06	12.609
5.423E+09	6.607E+06	14.323
5.472E+09	6.607E+06	16.195
5.522E+09	6.607E+06	18.211
5.571E+09	6.607E+06	20.451
5.620E+09	6.607E+06	22.846
5.670E+09	6.607E+06	25.454
5.719E+09	6.607E+06	28.298
5.768E+09	6.607E+06	31.376
5.817E+09	6.607E+06	34.690
5.867E+09	6.607E+06	38.240
5.916E+09	6.607E+06	42.024
5.965E+09	6.607E+06	46.043
6.015E+09	6.607E+06	50.298
6.064E+09	6.607E+06	54.788
6.113E+09	6.607E+06	59.513
3.944E+09	6.661E+06	44.603
3.993E+09	6.661E+06	40.133
4.043E+09	6.661E+06	35.929
4.092E+09	6.661E+06	31.991
4.141E+09	6.661E+06	28.318
4.191E+09	6.661E+06	24.910
4.240E+09	6.661E+06	21.768
4.289E+09	6.661E+06	18.891
4.338E+09	6.661E+06	16.280
4.388E+09	6.661E+06	13.934
4.437E+09	6.661E+06	11.853
4.486E+09	6.661E+06	10.038
4.536E+09	6.661E+06	8.489
4.585E+09	6.661E+06	7.205
4.634E+09	6.661E+06	6.186
4.684E+09	6.661E+06	5.433
4.733E+09	6.661E+06	4.936
4.782E+09	6.661E+06	4.658
4.831E+09	6.661E+06	4.539
4.881E+09	6.661E+06	4.565
4.930E+09	6.661E+06	4.738
4.979E+09	6.661E+06	5.052
5.029E+09	6.661E+06	5.560
5.078E+09	6.661E+06	6.206
5.127E+09	6.661E+06	7.027
5.176E+09	6.661E+06	7.950
5.226E+09	6.661E+06	9.055
5.275E+09	6.661E+06	10.294
5.324E+09	6.661E+06	11.694
5.374E+09	6.661E+06	13.309
5.423E+09	6.661E+06	15.052
5.472E+09	6.661E+06	16.953
5.522E+09	6.661E+06	18.983
5.571E+09	6.661E+06	21.218
5.620E+09	6.661E+06	23.645
5.670E+09	6.661E+06	26.254
5.719E+09	6.661E+06	29.097
5.768E+09	6.661E+06	32.176
5.817E+09	6.661E+06	35.490
5.867E+09	6.661E+06	39.039
5.916E+09	6.661E+06	42.823
5.965E+09	6.661E+06	46.843
6.015E+09	6.661E+06	51.097
6.064E+09	6.661E+06	55.587
6.113E+09	6.661E+06	60.312
3.944E+09	6.716E+06	45.036
3.993E+09	6.716E+06	40.566
4.043E+09	6.716E+06	36.362
4.092E+09	6.716E+06	32.424
4.141E+09	6.716E+06	28.751
4.191E+09	6.716E+06	25.343
4.240E+09	6.716E+06	22.201
4.289E+09	6.716E+06	19.324
4.338E+09	6.716E+06	16.713
4.388E+09	6.716E+06	14.367
4.437E+09	6.716E+06	12.287
4.486E+09	6.716E+06	10.472
4.536E+09	6.716E+06	8.922
4.585E+09	6.716E+06	7.638
4.634E+09	6.716E+06	6.619
4.684E+09	6.716E+06	5.866
4.733E+09	6.716E+06	5.378
4.782E+09	6.716E+06	5.100
4.831E+09	6.716E+06	5.024
4.881E+09	6.716E+06	5.054
4.930E+09	6.716E+06	5.263
4.979E+09	6.716E+06	5.600
5.029E+09	6.716E+06	6.121
5.078E+09	6.716E+06	6.793
5.127E+09	6.716E+06	7.627
5.176E+09	6.716E+06	8.588
5.226E+09	6.716E+06	9.727
5.275E+09	6.716E+06	10.971
5.324E+09	6.716E+06	12.399
5.374E+09	6.716E+06	14.023
5.423E+09	6.716E+06	15.810
5.472E+09	6.716E+06	17.720
5.522E+09	6.716E+06	19.789
5.571E+09	6.716E+06	22.019
5.620E+09	6.716E+06	24.481
5.670E+09	6.716E+06	27.089
5.719E+09	6.716E+06	29.932
5.768E+09	6.716E+06	33.011
5.817E+09	6.716E+06	36.325
5.867E+09	6.716E+06	39.874
5.916E+09	6.716E+06	43.659
5.965E+09	6.716E+06	47.678
6.015E+09	6.716E+06	51.933
6.064E+09	6.716E+06	56.423
6.113E+09	6.716E+06	61.148
3.944E+09	6.770E+06	45.499
3.993E+09	6.770E+06	41.030
4.043E+09	6.770E+06	36.826
4.092E+09	6.770E+06	32.887
4.141E+09	6.770E+06	29.214
4.191E+09	6.770E+06	25.806
4.240E+09	6.770E+06	22.664
4.289E+09	6.770E+06	19.787
4.338E+09	6.770E+06	17.176
4.388E+09	6.770E+06	14.830
4.437E+09	6.770E+06	12.750
4.486E+09	6.770E+06	10.935
4.536E+09	6.770E+06	9.385
4.585E+09	6.770E+06	8.101
4.634E+09	6.770E+06	7.083
4.684E+09	6.770E+06	6.329
4.733E+09	6.770E+06	5.842
4.782E+09	6.770E+06	5.573
4.831E+09	6.770E+06	5.521
4.881E+09	6.770E+06	5.574
4.930E+09	6.770E+06	5.811
4.979E+09	6.770E+06	6.179
5.029E+09	6.770E+06	6.702
5.078E+09	6.770E+06	7.412
5.127E+09	6.770E+06	8.260
5.176E+09	6.770E+06	9.260
5.226E+09	6.770E+06	10.409
5.275E+09	6.770E+06	11.683
5.324E+09	6.770E+06	13.137
5.374E+09	6.770E+06	14.760
5.423E+09	6.770E+06	16.575
5.472E+09	6.770E+06	18.513
5.522E+09	6.770E+06	20.614
5.571E+09	6.770E+06	22.856
5.620E+09	6.770E+06	25.323
5.670E+09	6.770E+06	27.960
5.719E+09	6.770E+06	30.804
5.768E+09	6.770E+06	33.883
5.817E+09	6.770E+06	37.196
5.867E+09	6.770E+06	40.746
5.916E+09	6.770E+06	44.530
5.965E+09	6.770E+06	48.549
6.015E+09	6.770E+06	52.804
6.064E+09	6.770E+06	57.294
6.113E+09	6.770E+06	62.019
3.944E+09	6.825E+06	45.993
3.993E+09	6.825E+06	41.523
4.043E+09	6.825E+06	37.319
4.092E+09	6.825E+06	33.381
4.141E+09	6.825E+06	29.708
4.191E+09	6.825E+06	26.300
4.240E+09	6.825E+06	23.158
4.289E+09	6.825E+06	20.281
4.338E+09	6.825E+06	17.670
4.388E+09	6.825E+06	15.324
4.437E+09	6.825E+06	13.243
4.486E+09	6.825E+06	11.428
4.536E+09	6.825E+06	9.879
4.585E+09	6.825E+06	8.595
4.634E+09	6.825E+06	7.576
4.684E+09	6.825E+06	6.823
4.733E+09	6.825E+06	6.335
4.782E+09	6.825E+06	6.077
4.831E+09	6.825E+06	6.050
4.881E+09	6.825E+06	6.125
4.930E+09	6.825E+06	6.388
4.979E+09	6.825E+06	6.784
5.029E+09	6.825E+06	7.313
5.078E+09	6.825E+06	8.055
5.127E+09	6.825E+06	8.925
5.176E+09	6.825E+06	9.965
5.226E+09	6.825E+06	11.114
5.275E+09	6.825E+06	12.428
5.324E+09	6.825E+06	13.904
5.374E+09	6.825E+06	15.526
5.423E+09	6.825E+06	17.373
5.472E+09	6.825E+06	19.341
5.522E+09	6.825E+06	21.472
5.571E+09	6.825E+06	23.729
5.620E+09	6.825E+06	26.196
5.670E+09	6.825E+06	28.867
5.719E+09	6.825E+06	31.711
5.768E+09	6.825E+06	34.790
5.817E+09	6.825E+06	38.104
5.867E+09	6.825E+06	41.653
5.916E+09	6.825E+06	45.437
5.965E+09	6.825E+06	49.457
6.015E+09	6.825E+06	53.711
6.064E+09	6.825E+06	58.201
6.113E+09	6.825E+06	62.926
