                        Flux [/cm^2/50MeV/1E21POT]
Bin#   Energy [GeV]     numu      anti-numu nue       anti-nue 
----------------------------------------------------------------
1      0.00 - 0.01      8.66e+02  8.92e+02  7.04e+00  2.03e+00 
2      0.01 - 0.02      5.15e+03  5.94e+03  5.78e+01  1.11e+01 
3      0.02 - 0.03      1.14e+04  1.42e+04  1.35e+02  2.56e+01 
4      0.03 - 0.04      1.90e+04  2.44e+04  2.45e+02  4.47e+01 
5      0.04 - 0.05      2.66e+04  3.56e+04  4.04e+02  6.44e+01 
6      0.05 - 0.06      3.39e+04  4.73e+04  5.72e+02  8.27e+01 
7      0.06 - 0.07      4.13e+04  5.48e+04  7.47e+02  1.01e+02 
8      0.07 - 0.08      4.92e+04  5.57e+04  9.70e+02  1.24e+02 
9      0.08 - 0.09      6.25e+04  5.29e+04  1.19e+03  1.38e+02 
10     0.09 - 0.10      8.14e+04  4.97e+04  1.41e+03  1.55e+02 
11     0.10 - 0.11      8.96e+04  4.58e+04  1.61e+03  1.72e+02 
12     0.11 - 0.12      9.77e+04  4.17e+04  1.86e+03  1.93e+02 
13     0.12 - 0.13      1.07e+05  3.80e+04  2.04e+03  2.10e+02 
14     0.13 - 0.14      1.17e+05  3.50e+04  2.32e+03  2.26e+02 
15     0.14 - 0.15      1.28e+05  3.29e+04  2.53e+03  2.35e+02 
16     0.15 - 0.16      1.39e+05  3.15e+04  2.71e+03  2.49e+02 
17     0.16 - 0.17      1.51e+05  3.06e+04  2.93e+03  2.66e+02 
18     0.17 - 0.18      1.65e+05  3.01e+04  3.15e+03  2.72e+02 
19     0.18 - 0.19      1.80e+05  2.95e+04  3.31e+03  2.93e+02 
20     0.19 - 0.20      1.96e+05  2.90e+04  3.40e+03  3.16e+02 
21     0.20 - 0.21      2.13e+05  2.86e+04  3.61e+03  3.15e+02 
22     0.21 - 0.22      2.32e+05  2.83e+04  3.86e+03  3.29e+02 
23     0.22 - 0.23      2.51e+05  2.81e+04  3.96e+03  3.38e+02 
24     0.23 - 0.24      2.72e+05  2.76e+04  4.04e+03  3.62e+02 
25     0.24 - 0.25      2.92e+05  2.77e+04  4.18e+03  3.73e+02 
26     0.25 - 0.26      3.14e+05  2.75e+04  4.36e+03  3.99e+02 
27     0.26 - 0.27      3.37e+05  2.75e+04  4.52e+03  4.14e+02 
28     0.27 - 0.28      3.61e+05  2.74e+04  4.48e+03  4.04e+02 
29     0.28 - 0.29      3.84e+05  2.74e+04  4.74e+03  4.00e+02 
30     0.29 - 0.30      4.06e+05  2.74e+04  4.80e+03  4.36e+02 
31     0.30 - 0.31      4.29e+05  2.76e+04  4.99e+03  4.43e+02 
32     0.31 - 0.32      4.51e+05  2.77e+04  5.00e+03  4.34e+02 
33     0.32 - 0.33      4.72e+05  2.77e+04  5.03e+03  4.52e+02 
34     0.33 - 0.34      4.92e+05  2.79e+04  5.17e+03  4.66e+02 
35     0.34 - 0.35      5.15e+05  2.82e+04  5.28e+03  4.67e+02 
36     0.35 - 0.36      5.36e+05  2.81e+04  5.22e+03  4.73e+02 
37     0.36 - 0.37      5.59e+05  2.83e+04  5.39e+03  4.73e+02 
38     0.37 - 0.38      5.80e+05  2.88e+04  5.44e+03  4.89e+02 
39     0.38 - 0.39      6.05e+05  2.91e+04  5.34e+03  4.81e+02 
40     0.39 - 0.40      6.26e+05  2.86e+04  5.44e+03  4.90e+02 
41     0.40 - 0.41      6.52e+05  2.93e+04  5.55e+03  5.02e+02 
42     0.41 - 0.42      6.78e+05  2.93e+04  5.55e+03  5.09e+02 
43     0.42 - 0.43      7.06e+05  2.93e+04  5.51e+03  4.93e+02 
44     0.43 - 0.44      7.33e+05  2.94e+04  5.60e+03  5.09e+02 
45     0.44 - 0.45      7.64e+05  2.90e+04  5.60e+03  5.01e+02 
46     0.45 - 0.46      8.00e+05  2.93e+04  5.57e+03  5.21e+02 
47     0.46 - 0.47      8.35e+05  2.92e+04  5.52e+03  5.12e+02 
48     0.47 - 0.48      8.72e+05  2.90e+04  5.66e+03  5.23e+02 
49     0.48 - 0.49      9.14e+05  2.91e+04  5.58e+03  5.09e+02 
50     0.49 - 0.50      9.58e+05  2.92e+04  5.66e+03  5.29e+02 
51     0.50 - 0.51      1.00e+06  2.91e+04  5.49e+03  5.18e+02 
52     0.51 - 0.52      1.05e+06  2.89e+04  5.55e+03  5.25e+02 
53     0.52 - 0.53      1.09e+06  2.88e+04  5.46e+03  5.31e+02 
54     0.53 - 0.54      1.12e+06  2.85e+04  5.51e+03  5.23e+02 
55     0.54 - 0.55      1.16e+06  2.89e+04  5.53e+03  5.20e+02 
56     0.55 - 0.56      1.18e+06  2.87e+04  5.57e+03  5.30e+02 
57     0.56 - 0.57      1.19e+06  2.91e+04  5.32e+03  5.19e+02 
58     0.57 - 0.58      1.21e+06  2.89e+04  5.34e+03  5.12e+02 
59     0.58 - 0.59      1.20e+06  2.90e+04  5.17e+03  5.20e+02 
60     0.59 - 0.60      1.20e+06  2.95e+04  5.23e+03  5.22e+02 
61     0.60 - 0.61      1.20e+06  2.91e+04  5.26e+03  5.15e+02 
62     0.61 - 0.62      1.20e+06  2.89e+04  5.17e+03  5.20e+02 
63     0.62 - 0.63      1.20e+06  2.89e+04  5.29e+03  5.18e+02 
64     0.63 - 0.64      1.19e+06  2.86e+04  5.10e+03  5.04e+02 
65     0.64 - 0.65      1.18e+06  2.87e+04  5.18e+03  5.19e+02 
66     0.65 - 0.66      1.17e+06  2.83e+04  4.93e+03  4.89e+02 
67     0.66 - 0.67      1.14e+06  2.79e+04  5.01e+03  5.00e+02 
68     0.67 - 0.68      1.11e+06  2.75e+04  4.99e+03  5.04e+02 
69     0.68 - 0.69      1.07e+06  2.71e+04  4.93e+03  4.94e+02 
70     0.69 - 0.70      1.02e+06  2.66e+04  4.75e+03  5.01e+02 
71     0.70 - 0.71      9.65e+05  2.66e+04  4.77e+03  5.08e+02 
72     0.71 - 0.72      9.09e+05  2.59e+04  4.64e+03  5.09e+02 
73     0.72 - 0.73      8.48e+05  2.55e+04  4.58e+03  4.97e+02 
74     0.73 - 0.74      7.91e+05  2.54e+04  4.61e+03  4.95e+02 
75     0.74 - 0.75      7.35e+05  2.45e+04  4.54e+03  4.91e+02 
76     0.75 - 0.76      6.80e+05  2.41e+04  4.31e+03  5.08e+02 
77     0.76 - 0.77      6.31e+05  2.35e+04  4.47e+03  4.69e+02 
78     0.77 - 0.78      5.80e+05  2.30e+04  4.36e+03  4.80e+02 
79     0.78 - 0.79      5.35e+05  2.24e+04  4.26e+03  4.86e+02 
80     0.79 - 0.80      4.93e+05  2.18e+04  4.17e+03  4.83e+02 
81     0.80 - 0.82      4.32e+05  2.13e+04  4.15e+03  4.69e+02 
82     0.82 - 0.84      3.63e+05  2.11e+04  3.86e+03  4.69e+02 
83     0.84 - 0.86      3.04e+05  2.03e+04  3.87e+03  4.73e+02 
84     0.86 - 0.88      2.57e+05  1.98e+04  3.77e+03  4.51e+02 
85     0.88 - 0.90      2.21e+05  1.92e+04  3.53e+03  4.60e+02 
86     0.90 - 0.95      1.75e+05  1.84e+04  3.43e+03  4.46e+02 
87     0.95 - 1.00      1.32e+05  1.71e+04  3.06e+03  4.44e+02 
88     1.00 - 1.05      1.06e+05  1.61e+04  2.78e+03  4.30e+02 
89     1.05 - 1.10      8.89e+04  1.50e+04  2.51e+03  4.16e+02 
90     1.10 - 1.15      7.62e+04  1.38e+04  2.34e+03  3.96e+02 
91     1.15 - 1.20      6.51e+04  1.24e+04  2.12e+03  3.83e+02 
92     1.20 - 1.30      5.36e+04  1.11e+04  1.91e+03  3.83e+02 
93     1.30 - 1.40      4.30e+04  9.43e+03  1.64e+03  3.55e+02 
94     1.40 - 1.50      3.58e+04  7.99e+03  1.48e+03  3.39e+02 
95     1.50 - 1.60      3.01e+04  7.06e+03  1.35e+03  3.19e+02 
96     1.60 - 1.70      2.56e+04  6.25e+03  1.24e+03  3.01e+02 
97     1.70 - 1.80      2.27e+04  5.46e+03  1.17e+03  2.89e+02 
98     1.80 - 1.90      2.01e+04  4.94e+03  1.10e+03  2.74e+02 
99     1.90 - 2.00      1.77e+04  4.51e+03  1.06e+03  2.53e+02 
100    2.00 - 2.10      1.61e+04  4.14e+03  1.01e+03  2.40e+02 
101    2.10 - 2.20      1.46e+04  3.65e+03  9.61e+02  2.29e+02 
102    2.20 - 2.30      1.37e+04  3.38e+03  9.11e+02  2.14e+02 
103    2.30 - 2.40      1.25e+04  3.07e+03  8.94e+02  2.05e+02 
104    2.40 - 2.60      1.14e+04  2.51e+03  8.19e+02  1.82e+02 
105    2.60 - 2.80      1.06e+04  1.97e+03  7.21e+02  1.63e+02 
106    2.80 - 3.00      1.02e+04  1.76e+03  6.40e+02  1.39e+02 
107    3.00 - 3.20      9.74e+03  1.36e+03  5.60e+02  1.24e+02 
108    3.20 - 3.40      9.12e+03  1.09e+03  4.78e+02  1.09e+02 
109    3.40 - 3.60      8.92e+03  1.04e+03  4.11e+02  9.60e+01 
110    3.60 - 3.80      8.58e+03  8.65e+02  3.43e+02  8.31e+01 
111    3.80 - 4.00      8.22e+03  6.94e+02  2.93e+02  7.23e+01 
112    4.00 - 4.50      7.53e+03  5.84e+02  2.17e+02  5.62e+01 
113    4.50 - 5.00      5.78e+03  3.96e+02  1.45e+02  3.79e+01 
114    5.00 - 6.00      3.38e+03  2.61e+02  7.95e+01  2.26e+01 
115    6.00 - 7.00      1.80e+03  1.44e+02  3.59e+01  1.12e+01 
116    7.00 - 8.00      1.03e+03  7.92e+01  1.67e+01  5.21e+00 
117    8.00 - 9.00      5.69e+02  4.56e+01  9.18e+00  2.29e+00 
118    9.00 - 10.00     3.09e+02  2.68e+01  3.68e+00  1.25e+00 
119    10.00 - 11.00    1.81e+02  1.34e+01  2.00e+00  6.63e-01 
120    11.00 - 12.00    1.05e+02  6.49e+00  8.55e-01  4.53e-01 
121    12.00 - 13.00    6.02e+01  3.48e+00  4.40e-01  8.51e-02 
122    13.00 - 14.00    3.32e+01  2.63e+00  2.83e-01  1.61e-01 
123    14.00 - 15.00    1.92e+01  2.05e+00  5.00e-02  0.00e+00 
124    15.00 - 16.00    9.31e+00  1.10e+00  2.10e-02  3.21e-03 
125    16.00 - 17.00    4.39e+00  6.49e-01  0.00e+00  0.00e+00 
126    17.00 - 18.00    2.98e+00  4.98e-01  0.00e+00  0.00e+00 
127    18.00 - 19.00    4.90e-01  0.00e+00  0.00e+00  3.91e-03 
128    19.00 - 20.00    6.39e-01  2.39e-01  0.00e+00  0.00e+00 
129    20.00 - 21.00    3.20e-01  0.00e+00  0.00e+00  0.00e+00 
130    21.00 - 22.00    0.00e+00  0.00e+00  0.00e+00  0.00e+00 
131    22.00 - 23.00    0.00e+00  0.00e+00  0.00e+00  0.00e+00 
132    23.00 - 24.00    0.00e+00  0.00e+00  0.00e+00  0.00e+00 
133    24.00 - 25.00    0.00e+00  0.00e+00  0.00e+00  0.00e+00 
134    25.00 - 26.00    0.00e+00  0.00e+00  0.00e+00  0.00e+00 
135    26.00 - 27.00    0.00e+00  0.00e+00  0.00e+00  0.00e+00 
136    27.00 - 28.00    0.00e+00  0.00e+00  0.00e+00  0.00e+00 
137    28.00 - 29.00    0.00e+00  0.00e+00  0.00e+00  0.00e+00 
138    29.00 - 30.00    0.00e+00  0.00e+00  0.00e+00  0.00e+00 
