                        Flux [/cm^2/50MeV/1E21POT]
Bin#   Energy [GeV]     numu      anti-numu nue       anti-nue 
----------------------------------------------------------------
1      0.00 - 0.01      1.36e+09  1.19e+09  4.58e+06  1.06e+07 
2      0.01 - 0.02      8.07e+09  6.82e+09  2.44e+07  8.03e+07 
3      0.02 - 0.03      1.88e+10  1.47e+10  4.77e+07  2.01e+08 
4      0.03 - 0.04      3.19e+10  2.41e+10  8.57e+07  4.10e+08 
5      0.04 - 0.05      4.61e+10  3.34e+10  1.04e+08  6.31e+08 
6      0.05 - 0.06      6.02e+10  4.25e+10  1.36e+08  8.64e+08 
7      0.06 - 0.07      7.04e+10  5.14e+10  1.78e+08  1.15e+09 
8      0.07 - 0.08      7.35e+10  6.12e+10  2.16e+08  1.41e+09 
9      0.08 - 0.09      7.07e+10  7.75e+10  2.59e+08  1.83e+09 
10     0.09 - 0.10      6.71e+10  9.99e+10  2.90e+08  2.12e+09 
11     0.10 - 0.11      6.19e+10  1.09e+11  2.98e+08  2.49e+09 
12     0.11 - 0.12      5.63e+10  1.19e+11  3.48e+08  2.83e+09 
13     0.12 - 0.13      5.20e+10  1.30e+11  3.84e+08  3.25e+09 
14     0.13 - 0.14      4.92e+10  1.42e+11  4.38e+08  3.51e+09 
15     0.14 - 0.15      4.75e+10  1.55e+11  4.42e+08  3.76e+09 
16     0.15 - 0.16      4.65e+10  1.69e+11  4.87e+08  4.06e+09 
17     0.16 - 0.17      4.54e+10  1.84e+11  5.46e+08  4.56e+09 
18     0.17 - 0.18      4.50e+10  2.01e+11  5.60e+08  4.80e+09 
19     0.18 - 0.19      4.42e+10  2.20e+11  5.56e+08  5.03e+09 
20     0.19 - 0.20      4.43e+10  2.42e+11  5.89e+08  5.20e+09 
21     0.20 - 0.21      4.41e+10  2.64e+11  6.30e+08  5.33e+09 
22     0.21 - 0.22      4.42e+10  2.88e+11  6.28e+08  5.85e+09 
23     0.22 - 0.23      4.39e+10  3.14e+11  6.59e+08  5.81e+09 
24     0.23 - 0.24      4.38e+10  3.42e+11  7.14e+08  6.13e+09 
25     0.24 - 0.25      4.38e+10  3.70e+11  7.31e+08  6.32e+09 
26     0.25 - 0.26      4.42e+10  3.99e+11  7.14e+08  6.61e+09 
27     0.26 - 0.27      4.40e+10  4.32e+11  7.80e+08  6.78e+09 
28     0.27 - 0.28      4.43e+10  4.64e+11  7.71e+08  6.80e+09 
29     0.28 - 0.29      4.41e+10  4.96e+11  7.47e+08  7.01e+09 
30     0.29 - 0.30      4.47e+10  5.32e+11  8.16e+08  7.02e+09 
31     0.30 - 0.31      4.52e+10  5.68e+11  8.06e+08  7.29e+09 
32     0.31 - 0.32      4.57e+10  6.07e+11  8.30e+08  7.34e+09 
33     0.32 - 0.33      4.55e+10  6.42e+11  8.93e+08  7.38e+09 
34     0.33 - 0.34      4.60e+10  6.78e+11  8.90e+08  7.53e+09 
35     0.34 - 0.35      4.72e+10  7.13e+11  9.66e+08  7.68e+09 
36     0.35 - 0.36      4.64e+10  7.48e+11  8.56e+08  7.70e+09 
37     0.36 - 0.37      4.68e+10  7.82e+11  8.69e+08  7.84e+09 
38     0.37 - 0.38      4.77e+10  8.21e+11  9.33e+08  8.01e+09 
39     0.38 - 0.39      4.77e+10  8.61e+11  9.53e+08  7.82e+09 
40     0.39 - 0.40      4.80e+10  9.00e+11  9.22e+08  7.76e+09 
41     0.40 - 0.41      4.78e+10  9.40e+11  9.13e+08  8.03e+09 
42     0.41 - 0.42      4.82e+10  9.83e+11  8.94e+08  8.02e+09 
43     0.42 - 0.43      4.89e+10  1.03e+12  9.55e+08  7.95e+09 
44     0.43 - 0.44      4.79e+10  1.07e+12  9.97e+08  7.96e+09 
45     0.44 - 0.45      4.81e+10  1.12e+12  9.19e+08  7.84e+09 
46     0.45 - 0.46      4.84e+10  1.16e+12  9.06e+08  7.67e+09 
47     0.46 - 0.47      4.91e+10  1.20e+12  9.37e+08  7.80e+09 
48     0.47 - 0.48      4.90e+10  1.25e+12  9.16e+08  7.54e+09 
49     0.48 - 0.49      4.95e+10  1.29e+12  9.40e+08  7.80e+09 
50     0.49 - 0.50      4.92e+10  1.33e+12  8.87e+08  7.83e+09 
51     0.50 - 0.51      4.93e+10  1.35e+12  9.46e+08  8.08e+09 
52     0.51 - 0.52      5.00e+10  1.37e+12  9.35e+08  7.80e+09 
53     0.52 - 0.53      5.00e+10  1.39e+12  8.88e+08  7.54e+09 
54     0.53 - 0.54      4.96e+10  1.40e+12  9.36e+08  7.66e+09 
55     0.54 - 0.55      4.88e+10  1.41e+12  8.70e+08  7.51e+09 
56     0.55 - 0.56      4.91e+10  1.40e+12  9.40e+08  7.14e+09 
57     0.56 - 0.57      4.86e+10  1.39e+12  9.47e+08  7.26e+09 
58     0.57 - 0.58      4.98e+10  1.37e+12  9.19e+08  7.18e+09 
59     0.58 - 0.59      4.92e+10  1.36e+12  9.47e+08  6.94e+09 
60     0.59 - 0.60      4.88e+10  1.34e+12  9.15e+08  7.28e+09 
61     0.60 - 0.61      4.80e+10  1.33e+12  8.59e+08  7.14e+09 
62     0.61 - 0.62      4.78e+10  1.30e+12  8.56e+08  6.96e+09 
63     0.62 - 0.63      4.87e+10  1.27e+12  8.81e+08  6.51e+09 
64     0.63 - 0.64      4.75e+10  1.25e+12  8.76e+08  6.59e+09 
65     0.64 - 0.65      4.80e+10  1.22e+12  8.30e+08  6.58e+09 
66     0.65 - 0.66      4.66e+10  1.19e+12  8.66e+08  6.57e+09 
67     0.66 - 0.67      4.64e+10  1.16e+12  8.48e+08  6.49e+09 
68     0.67 - 0.68      4.56e+10  1.13e+12  8.88e+08  6.11e+09 
69     0.68 - 0.69      4.54e+10  1.11e+12  9.45e+08  6.15e+09 
70     0.69 - 0.70      4.46e+10  1.06e+12  9.12e+08  6.06e+09 
71     0.70 - 0.71      4.39e+10  1.03e+12  9.07e+08  6.05e+09 
72     0.71 - 0.72      4.42e+10  9.87e+11  8.77e+08  5.92e+09 
73     0.72 - 0.73      4.40e+10  9.47e+11  8.24e+08  5.82e+09 
74     0.73 - 0.74      4.24e+10  9.04e+11  8.61e+08  5.91e+09 
75     0.74 - 0.75      4.25e+10  8.64e+11  8.09e+08  5.72e+09 
76     0.75 - 0.76      4.18e+10  8.23e+11  8.05e+08  5.26e+09 
77     0.76 - 0.77      4.02e+10  7.75e+11  7.90e+08  5.17e+09 
78     0.77 - 0.78      4.08e+10  7.36e+11  8.45e+08  5.19e+09 
79     0.78 - 0.79      4.00e+10  6.94e+11  8.41e+08  5.08e+09 
80     0.79 - 0.80      3.81e+10  6.53e+11  8.52e+08  4.76e+09 
81     0.80 - 0.82      3.90e+10  5.92e+11  8.42e+08  4.91e+09 
82     0.82 - 0.84      3.76e+10  5.18e+11  8.10e+08  4.52e+09 
83     0.84 - 0.86      3.69e+10  4.56e+11  8.20e+08  4.15e+09 
84     0.86 - 0.88      3.55e+10  3.97e+11  8.59e+08  4.50e+09 
85     0.88 - 0.90      3.50e+10  3.46e+11  7.64e+08  3.85e+09 
86     0.90 - 0.95      3.42e+10  2.76e+11  7.54e+08  3.67e+09 
87     0.95 - 1.00      3.14e+10  2.08e+11  8.01e+08  3.33e+09 
88     1.00 - 1.05      3.08e+10  1.66e+11  7.11e+08  2.92e+09 
89     1.05 - 1.10      2.94e+10  1.37e+11  7.36e+08  2.52e+09 
90     1.10 - 1.15      2.63e+10  1.15e+11  6.76e+08  2.24e+09 
91     1.15 - 1.20      2.55e+10  9.90e+10  6.90e+08  2.07e+09 
92     1.20 - 1.30      2.41e+10  7.97e+10  6.54e+08  1.71e+09 
93     1.30 - 1.40      2.14e+10  6.28e+10  5.97e+08  1.38e+09 
94     1.40 - 1.50      1.88e+10  5.10e+10  5.81e+08  1.15e+09 
95     1.50 - 1.60      1.68e+10  4.20e+10  5.41e+08  1.05e+09 
96     1.60 - 1.70      1.52e+10  3.65e+10  5.38e+08  9.38e+08 
97     1.70 - 1.80      1.41e+10  3.18e+10  4.98e+08  8.02e+08 
98     1.80 - 1.90      1.26e+10  2.75e+10  5.03e+08  7.76e+08 
99     1.90 - 2.00      1.08e+10  2.39e+10  4.65e+08  7.62e+08 
100    2.00 - 2.10      1.04e+10  2.07e+10  4.41e+08  6.80e+08 
101    2.10 - 2.20      9.43e+09  1.80e+10  4.12e+08  6.31e+08 
102    2.20 - 2.30      8.79e+09  1.61e+10  4.20e+08  5.72e+08 
103    2.30 - 2.40      7.72e+09  1.45e+10  3.83e+08  5.05e+08 
104    2.40 - 2.60      7.50e+09  1.18e+10  3.61e+08  4.99e+08 
105    2.60 - 2.80      6.77e+09  9.98e+09  3.09e+08  4.63e+08 
106    2.80 - 3.00      5.24e+09  8.70e+09  2.80e+08  3.69e+08 
107    3.00 - 3.20      4.56e+09  7.33e+09  2.41e+08  3.37e+08 
108    3.20 - 3.40      3.91e+09  6.32e+09  2.26e+08  2.73e+08 
109    3.40 - 3.60      3.27e+09  5.73e+09  1.98e+08  2.42e+08 
110    3.60 - 3.80      3.03e+09  5.26e+09  1.83e+08  1.95e+08 
111    3.80 - 4.00      2.97e+09  4.29e+09  1.70e+08  1.58e+08 
112    4.00 - 4.50      2.41e+09  3.59e+09  1.24e+08  1.29e+08 
113    4.50 - 5.00      1.73e+09  2.46e+09  1.01e+08  8.35e+07 
114    5.00 - 6.00      1.32e+09  1.36e+09  6.71e+07  4.71e+07 
115    6.00 - 7.00      7.81e+08  6.01e+08  3.33e+07  2.06e+07 
116    7.00 - 8.00      5.30e+08  3.03e+08  1.83e+07  1.10e+07 
117    8.00 - 9.00      3.96e+08  1.69e+08  9.46e+06  4.80e+06 
118    9.00 - 10.00     2.42e+08  8.29e+07  5.09e+06  2.80e+06 
119    10.00 - 11.00    1.89e+08  4.37e+07  2.41e+06  9.64e+05 
120    11.00 - 12.00    1.24e+08  2.45e+07  1.70e+06  5.16e+05 
121    12.00 - 13.00    9.00e+07  9.08e+06  4.41e+05  3.35e+05 
122    13.00 - 14.00    6.99e+07  6.77e+06  3.20e+05  8.35e+03 
123    14.00 - 15.00    4.17e+07  4.84e+06  3.78e+05  0.00e+00 
124    15.00 - 16.00    2.77e+07  4.83e+05  2.45e+05  0.00e+00 
125    16.00 - 17.00    1.44e+07  6.11e+05  1.15e+04  0.00e+00 
126    17.00 - 18.00    1.05e+07  1.61e+05  0.00e+00  0.00e+00 
127    18.00 - 19.00    6.87e+06  1.46e+04  0.00e+00  0.00e+00 
128    19.00 - 20.00    3.15e+06  0.00e+00  0.00e+00  0.00e+00 
129    20.00 - 21.00    0.00e+00  1.69e+04  0.00e+00  0.00e+00 
130    21.00 - 22.00    0.00e+00  0.00e+00  0.00e+00  0.00e+00 
131    22.00 - 23.00    0.00e+00  0.00e+00  0.00e+00  0.00e+00 
132    23.00 - 24.00    0.00e+00  0.00e+00  0.00e+00  0.00e+00 
133    24.00 - 25.00    0.00e+00  0.00e+00  0.00e+00  0.00e+00 
134    25.00 - 26.00    0.00e+00  0.00e+00  0.00e+00  0.00e+00 
135    26.00 - 27.00    0.00e+00  0.00e+00  0.00e+00  0.00e+00 
136    27.00 - 28.00    0.00e+00  0.00e+00  0.00e+00  0.00e+00 
137    28.00 - 29.00    0.00e+00  0.00e+00  0.00e+00  0.00e+00 
138    29.00 - 30.00    0.00e+00  0.00e+00  0.00e+00  0.00e+00 
