                        Flux [/cm^2/50MeV/1E21POT]
Bin#   Energy [GeV]     numu      anti-numu nue       anti-nue 
----------------------------------------------------------------
1      0.00 - 0.01      1.35e+09  1.32e+09  1.71e+07  3.06e+06 
2      0.01 - 0.02      7.28e+09  7.98e+09  7.45e+07  1.76e+07 
3      0.02 - 0.03      1.56e+10  1.84e+10  2.43e+08  3.25e+07 
4      0.03 - 0.04      2.57e+10  3.12e+10  4.10e+08  6.19e+07 
5      0.04 - 0.05      3.56e+10  4.52e+10  6.64e+08  8.19e+07 
6      0.05 - 0.06      4.54e+10  5.97e+10  9.99e+08  1.11e+08 
7      0.06 - 0.07      5.48e+10  7.00e+10  1.23e+09  1.47e+08 
8      0.07 - 0.08      6.51e+10  7.29e+10  1.58e+09  1.67e+08 
9      0.08 - 0.09      8.12e+10  7.06e+10  1.99e+09  1.97e+08 
10     0.09 - 0.10      1.03e+11  6.71e+10  2.41e+09  2.17e+08 
11     0.10 - 0.11      1.13e+11  6.18e+10  2.81e+09  2.44e+08 
12     0.11 - 0.12      1.22e+11  5.63e+10  3.21e+09  2.64e+08 
13     0.12 - 0.13      1.34e+11  5.22e+10  3.47e+09  2.84e+08 
14     0.13 - 0.14      1.46e+11  4.92e+10  3.99e+09  3.16e+08 
15     0.14 - 0.15      1.59e+11  4.76e+10  4.28e+09  3.17e+08 
16     0.15 - 0.16      1.73e+11  4.65e+10  4.77e+09  3.42e+08 
17     0.16 - 0.17      1.89e+11  4.49e+10  4.89e+09  3.81e+08 
18     0.17 - 0.18      2.07e+11  4.50e+10  5.37e+09  4.13e+08 
19     0.18 - 0.19      2.26e+11  4.41e+10  5.61e+09  3.96e+08 
20     0.19 - 0.20      2.48e+11  4.36e+10  5.84e+09  4.28e+08 
21     0.20 - 0.21      2.72e+11  4.35e+10  6.18e+09  4.60e+08 
22     0.21 - 0.22      2.98e+11  4.29e+10  6.48e+09  4.82e+08 
23     0.22 - 0.23      3.25e+11  4.25e+10  6.36e+09  4.90e+08 
24     0.23 - 0.24      3.56e+11  4.23e+10  7.08e+09  4.71e+08 
25     0.24 - 0.25      3.88e+11  4.22e+10  7.06e+09  5.32e+08 
26     0.25 - 0.26      4.21e+11  4.20e+10  7.22e+09  5.31e+08 
27     0.26 - 0.27      4.57e+11  4.21e+10  7.29e+09  5.56e+08 
28     0.27 - 0.28      4.96e+11  4.21e+10  7.73e+09  5.45e+08 
29     0.28 - 0.29      5.36e+11  4.20e+10  7.97e+09  5.67e+08 
30     0.29 - 0.30      5.75e+11  4.30e+10  8.03e+09  5.71e+08 
31     0.30 - 0.31      6.18e+11  4.28e+10  8.24e+09  5.61e+08 
32     0.31 - 0.32      6.60e+11  4.31e+10  8.47e+09  5.88e+08 
33     0.32 - 0.33      7.08e+11  4.31e+10  8.54e+09  5.64e+08 
34     0.33 - 0.34      7.48e+11  4.38e+10  8.60e+09  6.06e+08 
35     0.34 - 0.35      7.88e+11  4.32e+10  8.88e+09  6.30e+08 
36     0.35 - 0.36      8.33e+11  4.39e+10  8.97e+09  5.70e+08 
37     0.36 - 0.37      8.79e+11  4.40e+10  9.05e+09  6.28e+08 
38     0.37 - 0.38      9.21e+11  4.37e+10  9.10e+09  6.54e+08 
39     0.38 - 0.39      9.73e+11  4.44e+10  9.11e+09  6.45e+08 
40     0.39 - 0.40      1.02e+12  4.41e+10  9.34e+09  6.32e+08 
41     0.40 - 0.41      1.07e+12  4.39e+10  9.70e+09  6.71e+08 
42     0.41 - 0.42      1.13e+12  4.36e+10  9.25e+09  6.62e+08 
43     0.42 - 0.43      1.18e+12  4.48e+10  9.58e+09  6.63e+08 
44     0.43 - 0.44      1.24e+12  4.39e+10  9.14e+09  6.46e+08 
45     0.44 - 0.45      1.30e+12  4.40e+10  9.43e+09  6.85e+08 
46     0.45 - 0.46      1.35e+12  4.47e+10  9.81e+09  7.01e+08 
47     0.46 - 0.47      1.41e+12  4.46e+10  9.21e+09  6.75e+08 
48     0.47 - 0.48      1.46e+12  4.38e+10  9.20e+09  6.37e+08 
49     0.48 - 0.49      1.51e+12  4.43e+10  9.82e+09  6.73e+08 
50     0.49 - 0.50      1.55e+12  4.44e+10  9.42e+09  6.81e+08 
51     0.50 - 0.51      1.59e+12  4.46e+10  9.31e+09  7.27e+08 
52     0.51 - 0.52      1.62e+12  4.34e+10  8.85e+09  6.74e+08 
53     0.52 - 0.53      1.64e+12  4.39e+10  9.32e+09  6.44e+08 
54     0.53 - 0.54      1.65e+12  4.39e+10  9.48e+09  6.79e+08 
55     0.54 - 0.55      1.66e+12  4.34e+10  9.49e+09  6.66e+08 
56     0.55 - 0.56      1.66e+12  4.42e+10  8.80e+09  6.61e+08 
57     0.56 - 0.57      1.65e+12  4.32e+10  8.56e+09  6.47e+08 
58     0.57 - 0.58      1.65e+12  4.30e+10  8.42e+09  6.88e+08 
59     0.58 - 0.59      1.63e+12  4.24e+10  8.76e+09  6.91e+08 
60     0.59 - 0.60      1.61e+12  4.23e+10  8.51e+09  6.94e+08 
61     0.60 - 0.61      1.59e+12  4.10e+10  8.83e+09  6.40e+08 
62     0.61 - 0.62      1.56e+12  4.14e+10  8.66e+09  6.94e+08 
63     0.62 - 0.63      1.54e+12  4.20e+10  8.24e+09  7.11e+08 
64     0.63 - 0.64      1.50e+12  4.18e+10  7.98e+09  6.19e+08 
65     0.64 - 0.65      1.48e+12  4.15e+10  8.36e+09  6.37e+08 
66     0.65 - 0.66      1.45e+12  3.97e+10  7.95e+09  7.21e+08 
67     0.66 - 0.67      1.42e+12  3.97e+10  7.87e+09  7.16e+08 
68     0.67 - 0.68      1.39e+12  4.01e+10  7.24e+09  6.49e+08 
69     0.68 - 0.69      1.35e+12  3.86e+10  7.89e+09  6.60e+08 
70     0.69 - 0.70      1.31e+12  3.73e+10  7.25e+09  6.47e+08 
71     0.70 - 0.71      1.27e+12  3.79e+10  7.27e+09  6.13e+08 
72     0.71 - 0.72      1.22e+12  3.69e+10  7.35e+09  6.20e+08 
73     0.72 - 0.73      1.17e+12  3.69e+10  7.25e+09  5.93e+08 
74     0.73 - 0.74      1.12e+12  3.62e+10  6.99e+09  6.76e+08 
75     0.74 - 0.75      1.08e+12  3.52e+10  6.88e+09  6.09e+08 
76     0.75 - 0.76      1.02e+12  3.43e+10  7.28e+09  6.21e+08 
77     0.76 - 0.77      9.77e+11  3.47e+10  6.60e+09  6.58e+08 
78     0.77 - 0.78      9.20e+11  3.34e+10  6.26e+09  5.81e+08 
79     0.78 - 0.79      8.73e+11  3.38e+10  6.62e+09  6.24e+08 
80     0.79 - 0.80      8.24e+11  3.26e+10  6.34e+09  6.09e+08 
81     0.80 - 0.82      7.52e+11  3.19e+10  5.98e+09  5.99e+08 
82     0.82 - 0.84      6.63e+11  3.10e+10  5.93e+09  5.89e+08 
83     0.84 - 0.86      5.83e+11  3.05e+10  5.60e+09  6.31e+08 
84     0.86 - 0.88      5.11e+11  2.97e+10  5.37e+09  6.21e+08 
85     0.88 - 0.90      4.49e+11  2.83e+10  5.38e+09  5.57e+08 
86     0.90 - 0.95      3.65e+11  2.74e+10  4.96e+09  5.61e+08 
87     0.95 - 1.00      2.80e+11  2.52e+10  4.56e+09  5.64e+08 
88     1.00 - 1.05      2.23e+11  2.37e+10  4.02e+09  5.66e+08 
89     1.05 - 1.10      1.89e+11  2.20e+10  3.56e+09  5.26e+08 
90     1.10 - 1.15      1.57e+11  2.01e+10  3.34e+09  5.52e+08 
91     1.15 - 1.20      1.37e+11  1.85e+10  3.05e+09  5.27e+08 
92     1.20 - 1.30      1.13e+11  1.70e+10  2.66e+09  5.02e+08 
93     1.30 - 1.40      8.91e+10  1.51e+10  2.37e+09  4.84e+08 
94     1.40 - 1.50      7.31e+10  1.23e+10  2.07e+09  4.57e+08 
95     1.50 - 1.60      6.23e+10  1.09e+10  1.90e+09  4.14e+08 
96     1.60 - 1.70      5.27e+10  9.70e+09  1.76e+09  4.20e+08 
97     1.70 - 1.80      4.65e+10  8.38e+09  1.64e+09  3.94e+08 
98     1.80 - 1.90      4.06e+10  7.38e+09  1.61e+09  3.54e+08 
99     1.90 - 2.00      3.71e+10  6.67e+09  1.46e+09  3.45e+08 
100    2.00 - 2.10      3.19e+10  5.92e+09  1.45e+09  3.16e+08 
101    2.10 - 2.20      2.90e+10  6.06e+09  1.35e+09  3.14e+08 
102    2.20 - 2.30      2.71e+10  5.00e+09  1.32e+09  3.06e+08 
103    2.30 - 2.40      2.46e+10  4.28e+09  1.23e+09  2.69e+08 
104    2.40 - 2.60      2.17e+10  4.05e+09  1.16e+09  2.59e+08 
105    2.60 - 2.80      1.86e+10  3.11e+09  1.04e+09  2.15e+08 
106    2.80 - 3.00      1.72e+10  2.63e+09  9.10e+08  1.93e+08 
107    3.00 - 3.20      1.64e+10  2.35e+09  7.91e+08  1.69e+08 
108    3.20 - 3.40      1.51e+10  2.15e+09  7.01e+08  1.62e+08 
109    3.40 - 3.60      1.39e+10  1.42e+09  5.96e+08  1.25e+08 
110    3.60 - 3.80      1.34e+10  1.16e+09  5.13e+08  1.13e+08 
111    3.80 - 4.00      1.23e+10  1.06e+09  4.66e+08  9.65e+07 
112    4.00 - 4.50      1.10e+10  7.40e+08  3.29e+08  7.69e+07 
113    4.50 - 5.00      8.54e+09  6.10e+08  2.21e+08  5.05e+07 
114    5.00 - 6.00      5.38e+09  3.65e+08  1.34e+08  3.53e+07 
115    6.00 - 7.00      2.91e+09  2.27e+08  6.56e+07  1.81e+07 
116    7.00 - 8.00      1.73e+09  1.47e+08  3.11e+07  8.81e+06 
117    8.00 - 9.00      1.04e+09  6.74e+07  1.60e+07  3.91e+06 
118    9.00 - 10.00     6.31e+08  4.06e+07  7.73e+06  1.97e+06 
119    10.00 - 11.00    3.54e+08  1.86e+07  4.28e+06  9.08e+05 
120    11.00 - 12.00    2.31e+08  9.34e+06  1.83e+06  5.07e+05 
121    12.00 - 13.00    1.55e+08  6.23e+06  9.05e+05  3.23e+05 
122    13.00 - 14.00    8.47e+07  4.97e+06  4.43e+05  2.20e+05 
123    14.00 - 15.00    4.14e+07  4.09e+06  2.93e+05  0.00e+00 
124    15.00 - 16.00    2.08e+07  3.87e+05  1.18e+05  1.13e+04 
125    16.00 - 17.00    1.10e+07  2.20e+06  0.00e+00  0.00e+00 
126    17.00 - 18.00    6.77e+06  0.00e+00  0.00e+00  0.00e+00 
127    18.00 - 19.00    4.52e+06  0.00e+00  0.00e+00  1.85e+04 
128    19.00 - 20.00    2.72e+06  8.64e+03  0.00e+00  0.00e+00 
129    20.00 - 21.00    0.00e+00  0.00e+00  0.00e+00  0.00e+00 
130    21.00 - 22.00    0.00e+00  0.00e+00  0.00e+00  0.00e+00 
131    22.00 - 23.00    0.00e+00  1.46e+06  0.00e+00  0.00e+00 
132    23.00 - 24.00    0.00e+00  0.00e+00  0.00e+00  0.00e+00 
133    24.00 - 25.00    0.00e+00  0.00e+00  0.00e+00  0.00e+00 
134    25.00 - 26.00    0.00e+00  0.00e+00  0.00e+00  0.00e+00 
135    26.00 - 27.00    0.00e+00  0.00e+00  0.00e+00  0.00e+00 
136    27.00 - 28.00    0.00e+00  0.00e+00  0.00e+00  0.00e+00 
137    28.00 - 29.00    0.00e+00  0.00e+00  0.00e+00  0.00e+00 
138    29.00 - 30.00    0.00e+00  0.00e+00  0.00e+00  0.00e+00 
