                        Flux [/cm^2/50MeV/1E21POT]
Bin#   Energy [GeV]     numu      anti-numu nue       anti-nue 
----------------------------------------------------------------
1      0.00 - 0.01      9.56e+02  8.04e+02  2.43e+00  9.20e+00 
2      0.01 - 0.02      6.15e+03  4.98e+03  1.50e+01  5.19e+01 
3      0.02 - 0.03      1.48e+04  1.10e+04  3.39e+01  1.22e+02 
4      0.03 - 0.04      2.56e+04  1.83e+04  5.68e+01  2.36e+02 
5      0.04 - 0.05      3.72e+04  2.55e+04  8.22e+01  3.67e+02 
6      0.05 - 0.06      4.88e+04  3.25e+04  1.09e+02  5.29e+02 
7      0.06 - 0.07      5.64e+04  3.94e+04  1.32e+02  6.86e+02 
8      0.07 - 0.08      5.72e+04  4.71e+04  1.56e+02  8.84e+02 
9      0.08 - 0.09      5.42e+04  6.07e+04  1.83e+02  1.07e+03 
10     0.09 - 0.10      5.12e+04  8.01e+04  2.19e+02  1.30e+03 
11     0.10 - 0.11      4.73e+04  8.81e+04  2.35e+02  1.51e+03 
12     0.11 - 0.12      4.33e+04  9.61e+04  2.60e+02  1.66e+03 
13     0.12 - 0.13      3.95e+04  1.05e+05  2.94e+02  1.89e+03 
14     0.13 - 0.14      3.62e+04  1.15e+05  3.23e+02  2.08e+03 
15     0.14 - 0.15      3.41e+04  1.26e+05  3.32e+02  2.25e+03 
16     0.15 - 0.16      3.27e+04  1.37e+05  3.72e+02  2.46e+03 
17     0.16 - 0.17      3.19e+04  1.49e+05  3.81e+02  2.63e+03 
18     0.17 - 0.18      3.13e+04  1.62e+05  3.97e+02  2.79e+03 
19     0.18 - 0.19      3.07e+04  1.77e+05  4.31e+02  2.92e+03 
20     0.19 - 0.20      3.03e+04  1.93e+05  4.36e+02  3.01e+03 
21     0.20 - 0.21      3.01e+04  2.09e+05  4.69e+02  3.16e+03 
22     0.21 - 0.22      2.98e+04  2.26e+05  4.91e+02  3.35e+03 
23     0.22 - 0.23      2.97e+04  2.45e+05  5.07e+02  3.50e+03 
24     0.23 - 0.24      2.95e+04  2.62e+05  5.21e+02  3.50e+03 
25     0.24 - 0.25      2.95e+04  2.82e+05  5.29e+02  3.71e+03 
26     0.25 - 0.26      2.93e+04  3.01e+05  5.45e+02  3.79e+03 
27     0.26 - 0.27      2.94e+04  3.20e+05  5.76e+02  3.86e+03 
28     0.27 - 0.28      2.96e+04  3.40e+05  5.79e+02  4.03e+03 
29     0.28 - 0.29      2.96e+04  3.60e+05  5.93e+02  4.01e+03 
30     0.29 - 0.30      2.98e+04  3.79e+05  6.24e+02  4.17e+03 
31     0.30 - 0.31      2.98e+04  3.98e+05  6.33e+02  4.32e+03 
32     0.31 - 0.32      3.01e+04  4.18e+05  6.31e+02  4.42e+03 
33     0.32 - 0.33      3.02e+04  4.36e+05  6.48e+02  4.40e+03 
34     0.33 - 0.34      3.06e+04  4.54e+05  6.69e+02  4.34e+03 
35     0.34 - 0.35      3.07e+04  4.71e+05  6.76e+02  4.46e+03 
36     0.35 - 0.36      3.12e+04  4.88e+05  6.70e+02  4.51e+03 
37     0.36 - 0.37      3.17e+04  5.05e+05  6.82e+02  4.52e+03 
38     0.37 - 0.38      3.16e+04  5.22e+05  7.03e+02  4.69e+03 
39     0.38 - 0.39      3.22e+04  5.42e+05  7.13e+02  4.62e+03 
40     0.39 - 0.40      3.25e+04  5.58e+05  7.06e+02  4.67e+03 
41     0.40 - 0.41      3.27e+04  5.78e+05  7.05e+02  4.70e+03 
42     0.41 - 0.42      3.29e+04  5.96e+05  7.12e+02  4.80e+03 
43     0.42 - 0.43      3.31e+04  6.17e+05  7.02e+02  4.60e+03 
44     0.43 - 0.44      3.28e+04  6.39e+05  6.99e+02  4.65e+03 
45     0.44 - 0.45      3.30e+04  6.63e+05  6.98e+02  4.67e+03 
46     0.45 - 0.46      3.32e+04  6.89e+05  7.19e+02  4.66e+03 
47     0.46 - 0.47      3.32e+04  7.19e+05  7.23e+02  4.69e+03 
48     0.47 - 0.48      3.30e+04  7.51e+05  7.15e+02  4.65e+03 
49     0.48 - 0.49      3.33e+04  7.85e+05  7.28e+02  4.73e+03 
50     0.49 - 0.50      3.34e+04  8.20e+05  7.17e+02  4.54e+03 
51     0.50 - 0.51      3.34e+04  8.56e+05  7.10e+02  4.67e+03 
52     0.51 - 0.52      3.31e+04  8.90e+05  7.04e+02  4.62e+03 
53     0.52 - 0.53      3.31e+04  9.23e+05  7.20e+02  4.60e+03 
54     0.53 - 0.54      3.34e+04  9.52e+05  7.07e+02  4.62e+03 
55     0.54 - 0.55      3.39e+04  9.77e+05  7.38e+02  4.46e+03 
56     0.55 - 0.56      3.37e+04  9.93e+05  7.28e+02  4.43e+03 
57     0.56 - 0.57      3.35e+04  1.00e+06  7.06e+02  4.48e+03 
58     0.57 - 0.58      3.33e+04  1.01e+06  7.11e+02  4.37e+03 
59     0.58 - 0.59      3.38e+04  1.00e+06  7.19e+02  4.32e+03 
60     0.59 - 0.60      3.42e+04  9.99e+05  7.20e+02  4.33e+03 
61     0.60 - 0.61      3.42e+04  9.93e+05  6.99e+02  4.26e+03 
62     0.61 - 0.62      3.40e+04  9.89e+05  6.89e+02  4.31e+03 
63     0.62 - 0.63      3.41e+04  9.82e+05  6.92e+02  4.12e+03 
64     0.63 - 0.64      3.37e+04  9.80e+05  7.00e+02  4.19e+03 
65     0.64 - 0.65      3.33e+04  9.65e+05  6.83e+02  4.03e+03 
66     0.65 - 0.66      3.36e+04  9.52e+05  6.90e+02  4.08e+03 
67     0.66 - 0.67      3.29e+04  9.29e+05  6.99e+02  4.08e+03 
68     0.67 - 0.68      3.23e+04  9.00e+05  7.02e+02  3.89e+03 
69     0.68 - 0.69      3.23e+04  8.62e+05  6.71e+02  3.90e+03 
70     0.69 - 0.70      3.19e+04  8.24e+05  7.07e+02  4.04e+03 
71     0.70 - 0.71      3.10e+04  7.78e+05  6.88e+02  3.76e+03 
72     0.71 - 0.72      3.04e+04  7.31e+05  6.74e+02  3.68e+03 
73     0.72 - 0.73      3.04e+04  6.83e+05  6.65e+02  3.73e+03 
74     0.73 - 0.74      2.99e+04  6.35e+05  6.50e+02  3.56e+03 
75     0.74 - 0.75      2.95e+04  5.91e+05  6.42e+02  3.60e+03 
76     0.75 - 0.76      2.98e+04  5.44e+05  6.64e+02  3.40e+03 
77     0.76 - 0.77      2.89e+04  5.04e+05  6.66e+02  3.44e+03 
78     0.77 - 0.78      2.79e+04  4.62e+05  6.56e+02  3.39e+03 
79     0.78 - 0.79      2.73e+04  4.23e+05  6.28e+02  3.34e+03 
80     0.79 - 0.80      2.74e+04  3.86e+05  6.46e+02  3.37e+03 
81     0.80 - 0.82      2.67e+04  3.39e+05  6.45e+02  3.13e+03 
82     0.82 - 0.84      2.59e+04  2.81e+05  6.26e+02  2.99e+03 
83     0.84 - 0.86      2.54e+04  2.34e+05  6.17e+02  2.88e+03 
84     0.86 - 0.88      2.53e+04  1.96e+05  6.19e+02  2.83e+03 
85     0.88 - 0.90      2.48e+04  1.67e+05  6.39e+02  2.74e+03 
86     0.90 - 0.95      2.37e+04  1.31e+05  5.89e+02  2.52e+03 
87     0.95 - 1.00      2.24e+04  9.95e+04  5.84e+02  2.24e+03 
88     1.00 - 1.05      2.12e+04  7.97e+04  5.62e+02  2.00e+03 
89     1.05 - 1.10      1.97e+04  6.56e+04  5.50e+02  1.81e+03 
90     1.10 - 1.15      1.85e+04  5.54e+04  5.35e+02  1.58e+03 
91     1.15 - 1.20      1.73e+04  4.75e+04  5.13e+02  1.43e+03 
92     1.20 - 1.30      1.59e+04  3.88e+04  4.94e+02  1.20e+03 
93     1.30 - 1.40      1.37e+04  3.02e+04  4.75e+02  1.01e+03 
94     1.40 - 1.50      1.20e+04  2.42e+04  4.50e+02  8.40e+02 
95     1.50 - 1.60      1.08e+04  2.06e+04  4.25e+02  7.30e+02 
96     1.60 - 1.70      9.80e+03  1.71e+04  3.96e+02  6.47e+02 
97     1.70 - 1.80      8.88e+03  1.44e+04  3.86e+02  6.07e+02 
98     1.80 - 1.90      8.22e+03  1.26e+04  3.67e+02  5.56e+02 
99     1.90 - 2.00      7.58e+03  1.10e+04  3.46e+02  4.97e+02 
100    2.00 - 2.10      7.13e+03  9.98e+03  3.30e+02  4.78e+02 
101    2.10 - 2.20      6.22e+03  8.89e+03  3.11e+02  4.36e+02 
102    2.20 - 2.30      5.62e+03  7.58e+03  2.94e+02  4.18e+02 
103    2.30 - 2.40      5.55e+03  6.85e+03  2.83e+02  3.86e+02 
104    2.40 - 2.60      4.69e+03  5.97e+03  2.60e+02  3.56e+02 
105    2.60 - 2.80      3.91e+03  5.22e+03  2.28e+02  3.02e+02 
106    2.80 - 3.00      3.46e+03  4.61e+03  2.05e+02  2.65e+02 
107    3.00 - 3.20      2.85e+03  4.20e+03  1.82e+02  2.23e+02 
108    3.20 - 3.40      2.65e+03  3.68e+03  1.61e+02  1.87e+02 
109    3.40 - 3.60      2.25e+03  3.33e+03  1.47e+02  1.61e+02 
110    3.60 - 3.80      2.06e+03  3.10e+03  1.28e+02  1.36e+02 
111    3.80 - 4.00      1.78e+03  2.83e+03  1.13e+02  1.11e+02 
112    4.00 - 4.50      1.45e+03  2.30e+03  9.09e+01  8.42e+01 
113    4.50 - 5.00      1.19e+03  1.63e+03  6.72e+01  5.32e+01 
114    5.00 - 6.00      8.66e+02  8.34e+02  4.39e+01  2.99e+01 
115    6.00 - 7.00      5.61e+02  3.70e+02  2.42e+01  1.44e+01 
116    7.00 - 8.00      3.76e+02  1.76e+02  1.23e+01  6.19e+00 
117    8.00 - 9.00      2.50e+02  8.65e+01  6.39e+00  2.59e+00 
118    9.00 - 10.00     1.65e+02  3.84e+01  3.39e+00  1.18e+00 
119    10.00 - 11.00    1.14e+02  1.96e+01  1.74e+00  5.23e-01 
120    11.00 - 12.00    8.29e+01  8.58e+00  1.10e+00  2.88e-01 
121    12.00 - 13.00    5.57e+01  4.72e+00  4.68e-01  8.96e-02 
122    13.00 - 14.00    3.10e+01  2.51e+00  2.99e-01  6.57e-02 
123    14.00 - 15.00    1.79e+01  9.58e-01  1.64e-01  4.69e-02 
124    15.00 - 16.00    1.32e+01  1.04e+00  5.33e-02  2.65e-03 
125    16.00 - 17.00    1.09e+01  3.57e-03  2.33e-03  0.00e+00 
126    17.00 - 18.00    4.11e+00  0.00e+00  6.46e-03  0.00e+00 
127    18.00 - 19.00    3.52e+00  0.00e+00  0.00e+00  0.00e+00 
128    19.00 - 20.00    1.30e+00  4.84e-03  0.00e+00  0.00e+00 
129    20.00 - 21.00    0.00e+00  0.00e+00  0.00e+00  0.00e+00 
130    21.00 - 22.00    0.00e+00  0.00e+00  0.00e+00  0.00e+00 
131    22.00 - 23.00    2.63e-01  0.00e+00  0.00e+00  0.00e+00 
132    23.00 - 24.00    0.00e+00  0.00e+00  0.00e+00  0.00e+00 
133    24.00 - 25.00    3.11e-02  0.00e+00  0.00e+00  0.00e+00 
134    25.00 - 26.00    0.00e+00  0.00e+00  0.00e+00  0.00e+00 
135    26.00 - 27.00    0.00e+00  0.00e+00  0.00e+00  0.00e+00 
136    27.00 - 28.00    0.00e+00  0.00e+00  0.00e+00  0.00e+00 
137    28.00 - 29.00    0.00e+00  0.00e+00  0.00e+00  0.00e+00 
138    29.00 - 30.00    0.00e+00  0.00e+00  0.00e+00  0.00e+00 
