                        Flux [/cm^2/50MeV/1E21POT]
Bin#   Energy [GeV]     numu      anti-numu nue       anti-nue 
----------------------------------------------------------------
1      0.00 - 0.01      8.46e+02  8.69e+02  9.31e+00  2.29e+00 
2      0.01 - 0.02      5.03e+03  5.77e+03  5.67e+01  1.12e+01 
3      0.02 - 0.03      1.12e+04  1.39e+04  1.39e+02  2.58e+01 
4      0.03 - 0.04      1.85e+04  2.41e+04  2.61e+02  4.25e+01 
5      0.04 - 0.05      2.61e+04  3.53e+04  4.07e+02  6.15e+01 
6      0.05 - 0.06      3.33e+04  4.71e+04  5.78e+02  8.04e+01 
7      0.06 - 0.07      4.08e+04  5.47e+04  7.75e+02  1.02e+02 
8      0.07 - 0.08      4.87e+04  5.56e+04  9.75e+02  1.19e+02 
9      0.08 - 0.09      6.18e+04  5.29e+04  1.19e+03  1.37e+02 
10     0.09 - 0.10      8.06e+04  4.98e+04  1.41e+03  1.56e+02 
11     0.10 - 0.11      8.82e+04  4.54e+04  1.65e+03  1.72e+02 
12     0.11 - 0.12      9.67e+04  4.17e+04  1.88e+03  1.88e+02 
13     0.12 - 0.13      1.06e+05  3.78e+04  2.10e+03  2.05e+02 
14     0.13 - 0.14      1.16e+05  3.47e+04  2.33e+03  2.21e+02 
15     0.14 - 0.15      1.28e+05  3.30e+04  2.53e+03  2.37e+02 
16     0.15 - 0.16      1.39e+05  3.13e+04  2.76e+03  2.53e+02 
17     0.16 - 0.17      1.51e+05  3.02e+04  2.95e+03  2.66e+02 
18     0.17 - 0.18      1.65e+05  2.98e+04  3.15e+03  2.78e+02 
19     0.18 - 0.19      1.81e+05  2.96e+04  3.31e+03  2.94e+02 
20     0.19 - 0.20      1.97e+05  2.87e+04  3.49e+03  3.06e+02 
21     0.20 - 0.21      2.14e+05  2.89e+04  3.65e+03  3.20e+02 
22     0.21 - 0.22      2.35e+05  2.85e+04  3.83e+03  3.29e+02 
23     0.22 - 0.23      2.53e+05  2.80e+04  3.95e+03  3.49e+02 
24     0.23 - 0.24      2.74e+05  2.74e+04  4.10e+03  3.59e+02 
25     0.24 - 0.25      2.94e+05  2.74e+04  4.25e+03  3.67e+02 
26     0.25 - 0.26      3.17e+05  2.71e+04  4.41e+03  3.75e+02 
27     0.26 - 0.27      3.40e+05  2.78e+04  4.50e+03  3.91e+02 
28     0.27 - 0.28      3.63e+05  2.74e+04  4.61e+03  3.98e+02 
29     0.28 - 0.29      3.88e+05  2.73e+04  4.73e+03  4.16e+02 
30     0.29 - 0.30      4.07e+05  2.78e+04  4.83e+03  4.21e+02 
31     0.30 - 0.31      4.32e+05  2.73e+04  4.94e+03  4.32e+02 
32     0.31 - 0.32      4.52e+05  2.73e+04  5.05e+03  4.44e+02 
33     0.32 - 0.33      4.73e+05  2.81e+04  5.10e+03  4.43e+02 
34     0.33 - 0.34      4.94e+05  2.81e+04  5.17e+03  4.59e+02 
35     0.34 - 0.35      5.16e+05  2.81e+04  5.23e+03  4.63e+02 
36     0.35 - 0.36      5.38e+05  2.82e+04  5.30e+03  4.72e+02 
37     0.36 - 0.37      5.60e+05  2.81e+04  5.37e+03  4.81e+02 
38     0.37 - 0.38      5.85e+05  2.93e+04  5.44e+03  4.85e+02 
39     0.38 - 0.39      6.07e+05  2.80e+04  5.47e+03  4.90e+02 
40     0.39 - 0.40      6.28e+05  2.93e+04  5.54e+03  4.93e+02 
41     0.40 - 0.41      6.58e+05  2.96e+04  5.51e+03  4.95e+02 
42     0.41 - 0.42      6.79e+05  3.01e+04  5.57e+03  5.06e+02 
43     0.42 - 0.43      7.09e+05  2.93e+04  5.61e+03  5.06e+02 
44     0.43 - 0.44      7.38e+05  2.93e+04  5.61e+03  5.11e+02 
45     0.44 - 0.45      7.72e+05  2.95e+04  5.62e+03  5.07e+02 
46     0.45 - 0.46      8.04e+05  2.91e+04  5.62e+03  5.14e+02 
47     0.46 - 0.47      8.43e+05  2.92e+04  5.60e+03  5.16e+02 
48     0.47 - 0.48      8.82e+05  2.89e+04  5.67e+03  5.22e+02 
49     0.48 - 0.49      9.26e+05  2.94e+04  5.62e+03  5.18e+02 
50     0.49 - 0.50      9.65e+05  2.90e+04  5.61e+03  5.27e+02 
51     0.50 - 0.51      1.01e+06  2.93e+04  5.70e+03  5.23e+02 
52     0.51 - 0.52      1.06e+06  2.92e+04  5.57e+03  5.25e+02 
53     0.52 - 0.53      1.10e+06  2.87e+04  5.59e+03  5.21e+02 
54     0.53 - 0.54      1.14e+06  2.93e+04  5.56e+03  5.23e+02 
55     0.54 - 0.55      1.17e+06  2.79e+04  5.50e+03  5.29e+02 
56     0.55 - 0.56      1.19e+06  2.88e+04  5.50e+03  5.22e+02 
57     0.56 - 0.57      1.21e+06  2.80e+04  5.44e+03  5.20e+02 
58     0.57 - 0.58      1.21e+06  2.90e+04  5.42e+03  5.27e+02 
59     0.58 - 0.59      1.22e+06  2.92e+04  5.35e+03  5.24e+02 
60     0.59 - 0.60      1.21e+06  2.93e+04  5.33e+03  5.21e+02 
61     0.60 - 0.61      1.21e+06  2.90e+04  5.29e+03  5.22e+02 
62     0.61 - 0.62      1.20e+06  2.92e+04  5.23e+03  5.26e+02 
63     0.62 - 0.63      1.21e+06  2.92e+04  5.19e+03  5.17e+02 
64     0.63 - 0.64      1.20e+06  2.83e+04  5.16e+03  5.21e+02 
65     0.64 - 0.65      1.19e+06  2.84e+04  5.12e+03  5.17e+02 
66     0.65 - 0.66      1.18e+06  2.82e+04  4.99e+03  5.20e+02 
67     0.66 - 0.67      1.15e+06  2.72e+04  4.99e+03  5.16e+02 
68     0.67 - 0.68      1.11e+06  2.84e+04  4.92e+03  5.19e+02 
69     0.68 - 0.69      1.07e+06  2.69e+04  4.89e+03  5.09e+02 
70     0.69 - 0.70      1.02e+06  2.66e+04  4.86e+03  5.06e+02 
71     0.70 - 0.71      9.60e+05  2.67e+04  4.79e+03  5.04e+02 
72     0.71 - 0.72      9.03e+05  2.57e+04  4.70e+03  5.03e+02 
73     0.72 - 0.73      8.41e+05  2.57e+04  4.67e+03  5.09e+02 
74     0.73 - 0.74      7.84e+05  2.47e+04  4.59e+03  5.03e+02 
75     0.74 - 0.75      7.27e+05  2.44e+04  4.56e+03  5.08e+02 
76     0.75 - 0.76      6.76e+05  2.41e+04  4.49e+03  4.93e+02 
77     0.76 - 0.77      6.25e+05  2.32e+04  4.38e+03  4.85e+02 
78     0.77 - 0.78      5.74e+05  2.29e+04  4.37e+03  4.92e+02 
79     0.78 - 0.79      5.26e+05  2.29e+04  4.24e+03  5.02e+02 
80     0.79 - 0.80      4.85e+05  2.23e+04  4.21e+03  4.92e+02 
81     0.80 - 0.82      4.24e+05  2.19e+04  4.09e+03  4.83e+02 
82     0.82 - 0.84      3.57e+05  2.09e+04  4.01e+03  4.81e+02 
83     0.84 - 0.86      2.99e+05  2.00e+04  3.85e+03  4.80e+02 
84     0.86 - 0.88      2.53e+05  2.00e+04  3.72e+03  4.73e+02 
85     0.88 - 0.90      2.17e+05  1.96e+04  3.59e+03  4.67e+02 
86     0.90 - 0.95      1.73e+05  1.88e+04  3.40e+03  4.63e+02 
87     0.95 - 1.00      1.31e+05  1.71e+04  3.11e+03  4.47e+02 
88     1.00 - 1.05      1.06e+05  1.59e+04  2.82e+03  4.40e+02 
89     1.05 - 1.10      8.86e+04  1.47e+04  2.56e+03  4.28e+02 
90     1.10 - 1.15      7.51e+04  1.34e+04  2.32e+03  4.18e+02 
91     1.15 - 1.20      6.50e+04  1.25e+04  2.16e+03  4.05e+02 
92     1.20 - 1.30      5.32e+04  1.10e+04  1.89e+03  3.91e+02 
93     1.30 - 1.40      4.28e+04  9.44e+03  1.65e+03  3.72e+02 
94     1.40 - 1.50      3.54e+04  8.06e+03  1.48e+03  3.51e+02 
95     1.50 - 1.60      2.96e+04  7.00e+03  1.37e+03  3.35e+02 
96     1.60 - 1.70      2.55e+04  6.06e+03  1.27e+03  3.17e+02 
97     1.70 - 1.80      2.28e+04  5.45e+03  1.20e+03  3.00e+02 
98     1.80 - 1.90      2.00e+04  4.87e+03  1.14e+03  2.85e+02 
99     1.90 - 2.00      1.80e+04  4.56e+03  1.09e+03  2.68e+02 
100    2.00 - 2.10      1.61e+04  4.15e+03  1.03e+03  2.52e+02 
101    2.10 - 2.20      1.49e+04  3.70e+03  9.89e+02  2.38e+02 
102    2.20 - 2.30      1.37e+04  3.37e+03  9.46e+02  2.22e+02 
103    2.30 - 2.40      1.28e+04  3.03e+03  8.98e+02  2.08e+02 
104    2.40 - 2.60      1.18e+04  2.60e+03  8.29e+02  1.89e+02 
105    2.60 - 2.80      1.09e+04  2.06e+03  7.43e+02  1.66e+02 
106    2.80 - 3.00      1.02e+04  1.72e+03  6.50e+02  1.45e+02 
107    3.00 - 3.20      9.76e+03  1.40e+03  5.68e+02  1.27e+02 
108    3.20 - 3.40      9.32e+03  1.15e+03  4.90e+02  1.12e+02 
109    3.40 - 3.60      9.08e+03  9.75e+02  4.19e+02  9.74e+01 
110    3.60 - 3.80      8.76e+03  8.49e+02  3.50e+02  8.36e+01 
111    3.80 - 4.00      8.45e+03  7.07e+02  3.00e+02  7.45e+01 
112    4.00 - 4.50      7.65e+03  5.59e+02  2.21e+02  5.78e+01 
113    4.50 - 5.00      5.90e+03  4.09e+02  1.44e+02  4.04e+01 
114    5.00 - 6.00      3.42e+03  2.57e+02  8.08e+01  2.48e+01 
115    6.00 - 7.00      1.82e+03  1.39e+02  3.73e+01  1.25e+01 
116    7.00 - 8.00      1.02e+03  8.11e+01  1.76e+01  6.37e+00 
117    8.00 - 9.00      5.65e+02  4.51e+01  8.38e+00  3.23e+00 
118    9.00 - 10.00     3.10e+02  2.59e+01  3.86e+00  1.56e+00 
119    10.00 - 11.00    1.70e+02  1.34e+01  1.94e+00  8.12e-01 
120    11.00 - 12.00    9.75e+01  6.98e+00  9.40e-01  4.26e-01 
121    12.00 - 13.00    5.73e+01  3.42e+00  4.34e-01  2.15e-01 
122    13.00 - 14.00    2.94e+01  2.12e+00  1.92e-01  7.64e-02 
123    14.00 - 15.00    1.56e+01  1.86e+00  9.63e-02  6.19e-02 
124    15.00 - 16.00    8.33e+00  1.32e+00  5.25e-02  2.64e-02 
125    16.00 - 17.00    5.08e+00  4.76e-01  3.67e-02  1.95e-02 
126    17.00 - 18.00    2.50e+00  4.79e-01  1.40e-02  9.75e-03 
127    18.00 - 19.00    1.29e+00  9.68e-02  9.18e-04  0.00e+00 
128    19.00 - 20.00    6.99e-01  1.49e-02  5.91e-05  1.09e-04 
129    20.00 - 21.00    8.05e-02  6.23e-02  1.78e-05  1.32e-05 
130    21.00 - 22.00    2.29e-02  0.00e+00  0.00e+00  5.17e-07 
131    22.00 - 23.00    1.78e-03  0.00e+00  0.00e+00  0.00e+00 
132    23.00 - 24.00    1.28e-02  0.00e+00  0.00e+00  0.00e+00 
133    24.00 - 25.00    0.00e+00  0.00e+00  0.00e+00  0.00e+00 
134    25.00 - 26.00    0.00e+00  0.00e+00  0.00e+00  0.00e+00 
135    26.00 - 27.00    0.00e+00  0.00e+00  0.00e+00  0.00e+00 
136    27.00 - 28.00    0.00e+00  0.00e+00  0.00e+00  0.00e+00 
137    28.00 - 29.00    0.00e+00  0.00e+00  0.00e+00  0.00e+00 
138    29.00 - 30.00    0.00e+00  0.00e+00  0.00e+00  0.00e+00 
